File Name: not saved
Channel 1: 'K25585', 11160 values, raw ADC, no filters.
Channel 2: 'W110 K27098 X axis', 11160 values, raw ADC, no filters.

-1	5
-7	4
-1	4
-6	4
-10	4
5	3
-2	4
1	4
2	1
0	1
2	2
0	2
3	2
0	2
0	3
-2	2
0	2
0	1
0	1
-1	1
-2	1
-5	1
2	1
2	1
-3	1
13	1
5	3
5	3
2	3
-1	3
0	4
-5	5
-1	5
-3	4
1	2
0	4
0	2
-1	0
0	3
-2	2
-3	3
-7	0
-1	2
-5	0
-13	0
2	2
-4	3
0	1
3	1
5	0
3	2
2	2
5	2
1	2
5	1
2	2
2	1
1	3
3	2
0	1
-1	3
-6	2
-2	2
-3	3
-8	3
7	0
1	3
-1	2
2	1
1	2
1	3
-2	3
3	1
2	1
0	1
-1	0
0	1
-3	2
-2	1
-2	2
-6	1
-8	1
-1	1
-4	1
-7	2
8	2
0	4
3	5
4	6
0	4
1	4
1	3
-1	3
-2	2
1	2
1	2
2	2
-3	2
-1	1
-4	1
-6	3
-10	2
-5	4
-3	3
-9	0
6	1
-1	3
0	3
1	1
1	2
4	1
-1	0
1	2
0	2
0	3
-2	3
0	4
2	3
2	3
3	2
0	3
-7	1
-2	1
-4	2
-9	2
6	2
-1	4
4	2
2	3
-1	4
0	3
-2	2
0	2
1	2
1	2
-1	1
0	1
-2	2
-3	2
-6	0
-3	2
-5	3
-1	4
-5	4
-9	4
6	5
-2	5
0	3
0	3
-1	3
3	3
3	3
5	3
1	3
4	2
0	3
0	4
-1	2
0	3
1	1
-1	1
-8	2
-5	2
-6	4
-11	4
5	4
-1	6
0	5
0	4
-2	3
0	4
1	4
6	4
6	4
10	4
8	4
8	4
4	4
3	3
2	1
-3	4
-8	4
-1	4
-6	4
-12	4
5	2
-1	5
2	5
2	2
0	1
1	3
-1	3
-1	4
-6	3
-4	2
0	4
0	3
-3	3
-1	1
0	3
-3	5
-8	5
0	6
-2	3
-6	3
9	4
1	4
3	3
3	3
0	4
1	3
0	2
1	3
-1	4
0	3
1	3
1	3
-1	3
2	3
1	3
-3	2
-7	3
0	1
-5	4
-11	3
6	3
0	4
1	4
3	6
0	4
1	4
0	5
1	5
-2	4
0	3
-4	1
-2	1
-3	2
-1	2
0	3
-3	2
-8	2
0	3
-2	3
-7	2
7	2
-1	4
2	3
2	3
0	3
1	3
0	4
2	4
1	3
0	3
0	4
0	4
-3	5
-1	7
0	6
0	3
-6	5
-1	2
-4	3
-8	2
10	3
4	3
2	3
4	4
0	4
2	4
-1	3
0	3
1	3
4	3
-1	2
0	3
-1	4
-1	2
0	1
0	2
-6	2
0	3
-1	2
-7	4
6	5
-1	6
4	6
4	5
-1	4
1	4
-4	3
-3	3
-5	2
-2	2
-1	1
2	2
4	2
2	4
3	1
4	4
-2	3
6	2
1	3
-7	2
8	3
0	5
-2	3
-4	4
-2	3
2	3
0	2
2	4
1	4
3	3
-1	5
0	6
-3	5
0	3
0	2
0	3
-9	1
-2	1
-5	2
-11	2
6	2
0	6
-1	3
-2	4
-1	4
1	3
0	2
1	3
-3	3
0	2
0	1
0	2
-2	3
-1	2
-1	2
-1	3
-9	4
-3	3
-4	5
-8	4
9	5
3	6
5	4
3	4
1	1
3	2
1	1
4	2
1	3
-2	3
-1	3
1	3
0	3
2	4
1	3
1	3
-5	4
0	4
-4	2
-9	2
8	3
0	5
3	5
3	3
3	4
4	5
2	5
4	5
0	6
0	4
-3	5
-3	5
-7	3
-3	2
-2	3
-3	3
-8	3
0	3
-5	4
-8	2
8	3
1	5
4	4
3	2
1	3
4	2
2	3
4	2
1	2
3	2
0	2
1	4
0	4
1	4
1	6
-1	5
-13	6
-7	5
-7	6
-9	5
7	5
1	4
3	4
3	3
3	3
1	2
0	3
2	5
0	4
3	3
0	2
1	2
-1	3
0	3
0	4
1	3
-4	3
0	4
-3	2
-6	3
8	3
1	8
1	6
4	6
2	6
3	6
2	5
3	4
0	4
1	5
2	5
2	3
0	4
-2	4
-4	3
-5	5
-10	5
-2	5
-5	4
-9	4
6	1
-1	5
0	4
0	4
1	4
3	4
1	4
2	3
0	4
1	4
-1	5
-2	5
-2	5
0	7
2	5
1	4
0	4
-4	4
-8	4
-10	4
-5	4
0	4
1	4
3	4
3	4
3	3
3	3
2	3
3	3
5	3
5	3
5	3
3	3
1	4
0	4
-3	5
-8	5
-2	3
-6	5
-9	5
8	6
0	8
0	7
-2	6
-4	6
0	5
0	3
3	4
0	2
0	4
-2	4
-1	3
-3	5
0	4
-1	5
-2	4
-7	4
-1	3
-4	3
-9	4
9	5
1	7
0	5
1	3
0	4
1	4
0	4
-1	6
0	6
2	7
0	8
3	5
1	6
1	5
0	5
-2	4
-5	4
1	3
-2	5
-8	5
7	7
0	5
1	5
2	6
1	5
0	5
-1	4
2	3
-1	4
3	3
0	4
3	4
0	4
0	5
0	5
-5	5
-10	5
-4	7
-7	7
-11	5
8	5
-1	7
0	5
3	5
1	7
1	5
-2	4
1	4
-3	5
0	6
-4	4
-3	4
-1	3
-1	4
-1	2
-1	4
-7	6
0	5
-4	5
-9	4
7	4
1	8
1	5
3	6
0	7
1	7
-1	7
3	8
1	8
2	8
1	7
2	5
1	5
2	5
-1	6
-2	7
-8	6
-5	7
-5	6
-10	6
9	7
2	7
3	6
2	7
1	6
4	6
1	7
2	6
0	6
0	6
-4	8
-1	8
-1	9
2	10
3	10
1	9
-3	8
1	9
-5	9
-11	7
6	7
0	9
-2	7
-4	8
0	7
0	7
-1	8
1	8
1	7
2	8
0	8
2	8
-1	8
-2	8
-2	7
-3	8
-5	8
-2	8
-5	9
-8	9
7	11
-2	12
1	11
5	12
4	10
5	10
3	13
5	10
0	8
3	8
1	9
4	9
2	8
7	9
4	10
-1	8
-8	10
-4	11
-5	10
-10	10
8	9
-1	12
0	12
2	11
-1	10
0	10
-2	10
-1	11
-3	11
1	13
0	13
-1	14
-2	13
-1	12
-3	12
-4	11
-8	11
-1	11
-3	12
-11	11
3	12
-3	14
0	14
1	12
1	13
4	12
1	12
2	12
0	12
2	12
0	13
1	13
0	12
2	11
4	12
1	12
0	14
-3	13
-7	13
-9	15
0	14
7	18
7	16
6	15
4	13
3	15
3	14
3	13
3	14
2	15
1	15
0	12
-1	13
-2	15
-2	14
-2	14
-9	12
-5	13
-5	12
-9	13
6	14
-2	15
4	16
3	16
0	14
3	16
0	16
2	16
0	17
2	17
4	17
2	16
-1	16
-1	15
0	14
0	13
-6	16
0	16
0	14
-5	15
9	13
0	17
2	16
-1	14
-2	15
3	15
0	16
2	15
-1	16
0	15
0	14
4	15
0	16
0	16
-2	17
-4	16
-10	17
-4	17
-7	19
-12	17
6	17
-2	18
2	17
3	15
0	16
1	18
2	17
2	17
-1	16
1	17
-1	17
0	17
-4	17
-2	15
-1	16
-2	17
-9	16
0	17
-4	16
-9	16
5	16
-1	18
2	18
1	18
2	19
2	19
0	19
2	20
1	18
2	17
0	18
4	17
2	16
1	18
0	16
-2	18
-13	18
-6	18
-8	18
-11	17
7	17
0	20
2	19
0	16
-1	15
1	17
0	16
2	16
-1	19
1	18
0	18
3	18
0	19
2	19
0	18
1	20
-6	19
-5	18
1	18
-8	17
7	15
5	18
-1	19
4	19
0	18
2	17
-1	18
1	16
-2	19
0	19
0	17
1	17
-1	16
1	17
1	17
0	18
-7	17
0	17
-5	17
-6	19
9	19
1	21
4	19
4	19
4	19
4	17
2	16
3	16
-1	17
1	16
-2	16
-2	18
-4	18
-3	18
0	18
-4	18
-7	17
-1	17
-5	16
-8	18
9	18
1	20
3	18
1	17
3	17
3	18
1	18
6	18
0	18
4	19
3	20
5	19
0	20
-2	17
-2	19
-4	19
-8	19
-1	17
-7	18
-10	17
8	19
1	20
3	17
1	18
-1	17
3	18
2	17
3	16
1	16
2	16
-2	16
1	18
-1	18
1	18
1	19
-1	18
-8	19
-3	18
-4	20
-11	19
5	20
-2	21
0	18
2	17
1	18
2	17
0	16
0	17
1	18
1	18
-2	18
1	18
1	19
1	18
1	17
0	16
-5	17
-1	17
-3	16
-8	17
9	15
1	19
3	18
3	18
2	18
4	18
1	19
1	18
-3	19
-1	19
-4	19
-2	19
-3	17
1	18
2	16
-1	18
-7	19
-1	18
-3	19
-7	17
10	18
3	19
3	17
3	17
1	18
3	17
2	17
5	17
0	18
0	18
-3	17
-3	17
-3	18
0	18
-1	19
-4	18
-10	20
-4	20
-6	19
-9	17
7	17
0	19
3	16
2	16
3	17
3	19
1	19
4	18
1	18
3	18
1	17
1	17
1	17
1	16
0	16
-4	17
-8	17
0	16
-3	17
-6	17
11	17
3	20
2	19
0	19
0	19
3	19
0	19
0	18
-1	16
1	17
-1	16
2	17
0	17
2	17
2	17
-2	16
-8	18
-3	18
-7	17
-10	16
8	16
1	19
2	19
4	18
2	17
2	15
1	15
3	17
1	17
2	17
1	19
2	19
1	18
0	18
-1	18
-1	16
-8	16
-1	16
-7	16
-10	15
6	15
-2	18
2	17
2	17
0	15
2	17
-2	15
-2	14
-5	15
-1	16
0	17
0	15
0	16
2	15
1	15
0	15
-5	16
-1	15
-5	16
-10	16
7	17
-2	19
-1	19
0	17
-3	16
0	16
0	16
6	15
7	13
11	14
9	16
10	16
3	15
1	13
0	15
-4	13
-16	14
-9	15
-10	15
-15	15
2	14
-5	15
0	14
-1	13
-4	14
-4	14
-4	15
-1	15
2	17
6	15
12	15
17	15
14	14
8	11
5	12
0	14
-10	12
-3	12
-9	13
-15	12
1	12
-8	13
-7	13
-7	13
-14	12
-17	11
-22	12
-24	12
-30	11
-33	11
-20	11
5	9
28	11
53	10
62	11
62	11
46	11
40	12
18	14
-6	13
0	13
-17	15
-18	10
-23	10
-25	10
-24	9
-26	9
-23	9
-22	10
-15	11
-11	10
-1	11
4	10
13	9
14	9
13	8
9	8
5	8
0	8
-1	8
9	9
17	9
15	9
11	10
5	10
-1	11
-8	11
-14	10
-15	10
-16	9
-14	8
-10	8
1	8
11	8
17	8
22	8
12	9
9	9
-1	8
-9	8
5	8
-4	10
-6	10
-9	8
-13	8
-12	8
-12	7
-8	8
-11	8
-8	8
-8	9
-4	10
-5	9
-4	10
-2	10
0	10
-6	11
0	11
-3	10
-7	9
12	8
9	12
11	10
13	8
11	9
6	11
0	10
0	9
-5	11
-7	10
-10	8
-4	9
0	9
11	10
19	12
19	11
10	10
6	9
-11	11
-34	9
-32	10
-58	13
-68	11
-58	11
-28	10
11	10
46	11
67	11
72	10
72	11
67	9
62	9
60	9
58	10
42	11
20	10
-4	10
-16	11
-27	11
-39	11
-23	11
-30	14
-30	10
-25	11
-22	10
-14	9
-13	12
-5	11
-2	11
1	11
-4	12
-1	13
-3	12
-4	12
-7	11
-10	12
-17	10
-13	11
-17	9
-28	9
-13	11
-19	14
-14	13
-11	10
-12	11
-13	12
-13	13
-4	12
2	12
12	12
21	12
34	13
42	13
43	13
36	13
23	14
8	13
10	14
5	14
1	15
16	15
8	17
0	16
-8	14
-16	15
-17	15
-18	14
-13	14
-14	15
-13	16
-12	16
-6	16
-6	16
-6	16
-7	16
-9	17
-18	17
-15	17
-20	17
-28	17
-16	17
-28	21
-23	18
-18	20
-13	20
-6	19
-3	19
6	20
10	21
13	23
8	22
12	21
21	19
31	19
37	19
41	20
32	20
35	20
28	20
22	20
50	21
45	21
34	21
12	22
-2	22
-9	23
-22	23
-23	22
-32	22
-51	21
-59	20
-61	20
-60	21
-48	21
-43	22
-38	23
-34	23
-21	23
-8	24
0	22
32	22
52	26
75	21
92	21
94	22
85	22
60	23
40	23
8	23
-17	24
-34	23
-41	23
-41	22
-33	22
-31	22
-14	22
-10	22
-1	21
-6	21
-14	23
1	22
-8	26
-11	24
-15	24
-14	26
-15	26
-26	24
-23	24
-17	24
-1	26
4	23
13	22
11	24
2	26
-9	26
-18	26
-29	24
-22	24
-20	26
-25	24
-7	26
-15	26
-13	26
-6	26
12	24
38	26
52	26
67	26
69	26
66	26
60	28
45	28
20	28
0	30
-21	30
-42	30
-54	30
-50	28
-47	26
-38	26
-8	26
-16	30
-22	28
-32	28
-37	28
-38	28
-48	28
-43	30
-35	28
-20	28
-6	28
18	28
37	26
52	28
63	28
63	26
47	28
42	28
35	28
31	28
46	28
34	32
35	30
26	30
7	28
-13	28
-29	28
-22	28
-11	26
-2	26
-2	26
-5	26
-8	26
-10	24
-16	26
-29	26
-41	26
-29	23
-22	24
-20	26
-2	26
-1	28
6	24
8	26
-11	24
-24	24
-20	26
6	24
32	26
49	26
46	26
28	26
11	23
-3	24
-11	24
-15	24
-13	24
3	23
3	23
-3	24
7	24
-6	26
-5	24
-15	26
-26	24
-27	24
-26	24
-24	26
-26	24
-21	23
-15	24
-4	24
6	24
17	24
20	24
18	26
12	26
16	26
6	30
-2	28
16	28
2	28
-2	26
-9	26
-16	24
-13	24
-7	24
-1	26
2	26
4	26
0	26
1	28
0	26
0	26
0	26
4	26
10	26
35	24
44	26
37	26
45	26
25	28
8	26
-7	26
-17	26
-22	26
-29	26
-31	28
-32	28
-27	26
-32	24
-32	26
-42	24
-42	23
-35	26
-21	23
-13	24
6	23
18	24
20	26
39	24
23	24
15	26
9	26
5	26
8	24
8	26
12	24
15	24
20	24
22	24
26	24
30	24
38	26
37	24
23	26
15	28
27	26
18	26
11	26
21	24
2	28
-5	24
-12	23
-21	26
-30	24
-42	26
-44	24
-36	24
-24	24
-20	26
-6	24
-1	26
-2	23
-8	22
-19	22
-33	22
-25	22
-26	23
-28	23
-1	24
1	24
9	24
2	25
-11	25
-11	26
-10	26
4	25
21	25
39	24
44	23
42	23
35	23
17	23
8	23
1	24
-11	24
-5	24
-1	23
-3	23
14	23
6	26
-4	23
-18	23
-22	23
-19	23
-21	22
-18	22
-19	24
-15	24
-17	23
-27	24
-41	26
-41	24
-30	26
-16	24
-4	24
11	23
14	22
12	22
33	22
35	26
50	24
60	23
71	23
69	23
45	24
34	22
24	21
16	22
-1	23
-19	22
-25	21
-37	24
-58	22
-74	23
-91	24
-92	23
-67	24
-30	26
23	26
40	26
45	26
30	24
10	22
10	22
28	22
60	22
69	20
59	21
33	21
9	21
-7	21
-1	22
12	23
20	21
15	21
18	21
14	20
5	21
16	20
2	23
-1	22
-9	21
-30	22
-42	21
-53	22
-57	22
-46	24
-36	24
-35	24
-27	22
-32	21
-37	24
-41	22
-37	21
-45	22
-36	23
-27	22
-12	23
39	22
61	26
74	24
77	24
63	23
50	22
24	23
0	23
-28	22
-33	23
-18	26
0	24
11	26
8	26
-8	26
-25	28
-30	28
-20	28
-22	28
-18	28
-3	28
-8	30
-21	28
-36	26
-56	26
-78	26
-91	26
-45	28
48	28
137	28
201	28
225	30
194	30
126	28
65	30
14	28
-34	30
-59	30
-88	30
-107	30
-95	30
-89	32
-72	30
-62	30
-40	34
-18	34
4	32
12	34
9	32
3	34
-5	30
-1	30
15	32
32	32
44	32
42	34
20	32
10	34
-19	34
-58	36
-52	34
-43	36
-23	34
10	36
37	34
53	34
48	34
37	34
26	34
34	34
36	36
39	36
25	38
7	38
-15	36
-42	38
-61	38
-62	38
-63	37
-69	37
-37	36
-35	36
-20	36
-9	37
-6	37
-1	38
-4	38
-4	38
-3	38
6	38
10	38
15	38
10	38
6	38
5	38
9	38
14	38
35	38
28	40
21	42
25	42
-5	44
-27	44
-57	44
-72	42
-49	40
-11	40
36	40
76	38
112	38
125	40
107	40
54	40
-3	40
-50	38
-91	42
-99	42
-71	42
-54	42
-50	42
-37	40
-44	42
-14	42
39	42
95	42
136	42
144	42
130	40
93	42
40	42
-5	44
-32	44
-50	44
-51	46
-47	44
-49	42
-48	40
-42	40
-42	42
-52	42
-42	44
-50	44
-38	44
-8	42
16	42
35	42
44	42
53	40
42	40
18	40
-11	40
-30	42
-44	40
-40	40
-29	40
-19	42
-25	44
-14	42
-11	42
-20	44
-2	44
-7	44
-5	44
-16	42
-29	42
-46	40
-76	40
-100	40
-107	42
-65	42
-3	42
60	44
104	42
120	42
118	40
107	42
95	42
84	42
59	40
41	42
79	40
106	44
123	42
127	42
111	44
66	44
1	44
-44	44
-82	44
-96	46
-117	44
-124	44
-125	44
-125	42
-121	44
-104	44
-81	44
-40	44
-14	46
-3	46
18	46
18	46
14	46
5	46
2	46
14	46
18	44
33	46
44	46
53	46
53	46
41	48
13	48
-11	48
-27	50
-42	50
-50	50
-56	50
-58	50
-60	50
-58	52
-56	52
-54	50
-41	52
4	52
48	50
85	50
112	52
108	50
93	52
51	50
8	52
-33	50
-60	50
-38	50
-7	50
45	52
84	52
81	50
47	50
17	50
-28	52
-51	52
-57	52
-51	54
-40	52
-32	54
-29	52
-24	52
-18	50
-6	50
11	48
34	50
67	48
84	48
89	50
87	52
79	50
53	52
22	50
20	52
-6	52
-34	50
-72	48
-88	50
-72	48
-58	48
-44	48
-29	50
-11	50
-21	50
-26	50
-36	50
-29	52
-23	50
-20	52
-27	50
-26	50
-33	50
-14	50
39	50
70	50
98	50
105	50
89	54
71	52
42	52
19	52
-7	50
-30	52
-50	50
-58	52
-55	52
-47	52
-23	50
-2	52
8	52
14	52
4	50
-4	54
-8	54
-11	55
-11	52
-15	54
-36	52
-50	54
-42	52
-30	50
-11	52
9	52
35	52
53	52
41	52
20	55
-22	55
-58	54
-56	52
-11	56
47	56
95	54
134	54
103	56
66	54
31	54
2	54
-3	54
-13	55
-18	57
-21	57
-9	56
-16	57
-23	57
-37	56
-57	56
-76	57
-80	57
-73	55
-65	56
-51	57
-13	56
29	57
40	59
51	56
50	56
47	56
44	58
40	57
30	57
-6	58
-12	57
15	58
40	58
45	58
28	58
-11	59
-54	59
-83	60
-85	62
-100	63
-112	64
-61	62
-44	66
-31	64
-20	64
-10	61
15	63
51	63
118	64
183	64
232	65
226	65
179	65
117	67
66	67
-7	65
-76	65
-127	66
-117	65
-78	66
-36	66
14	66
-14	69
-60	68
-81	69
-88	70
-89	69
-99	71
-106	71
-118	71
-131	71
-120	72
-39	71
62	70
143	71
183	72
167	72
120	70
97	71
89	72
83	72
82	74
49	77
22	75
-14	72
-42	73
-65	74
-105	73
-137	72
-141	72
-122	71
-99	73
-61	72
-36	73
-18	74
-15	77
-25	75
-26	77
0	77
10	75
36	74
82	74
83	76
81	73
95	75
118	75
114	74
97	74
86	75
47	74
10	75
-36	75
-78	76
-106	75
-112	75
-85	76
-65	78
-65	76
-57	75
-66	75
-72	76
-57	76
-56	80
-24	80
20	79
66	80
108	80
133	80
156	79
141	78
100	77
62	79
28	79
-14	80
-21	78
-12	80
-18	79
-26	79
-32	79
-34	79
-30	79
-3	80
16	80
12	80
3	80
-19	80
-43	81
-71	81
-102	82
-142	83
-166	84
-142	85
-97	85
7	85
98	85
147	85
171	85
95	85
46	83
43	83
72	83
144	83
176	85
168	85
130	85
63	85
-3	85
-46	87
-70	85
-122	83
-166	85
-213	85
-223	87
-195	85
-184	87
-182	85
-193	83
-179	87
-108	87
-25	85
76	87
207	87
279	89
316	87
317	87
272	85
200	85
109	85
26	85
-22	85
-39	85
-57	85
-74	85
-92	85
-76	83
-73	83
-101	85
-155	85
-156	85
-145	85
-133	87
-93	85
-79	87
-67	87
-73	85
-89	87
-114	87
-85	87
13	87
124	89
216	89
252	87
234	87
213	85
195	87
183	85
141	87
65	85
28	85
-22	87
-95	87
-73	85
-2	89
67	87
115	87
128	89
86	87
-1	89
-46	89
-78	87
-105	89
-102	89
-73	89
-32	89
-21	89
-31	91
-47	91
-61	91
-62	91
-74	91
-82	91
-63	93
-77	93
-71	93
-68	91
-75	91
-51	91
-21	93
-3	93
-5	93
-11	91
-2	93
32	93
67	93
103	91
108	91
72	91
34	93
25	91
-4	93
-35	93
-31	91
-38	93
-42	95
-32	95
-41	93
-64	93
-67	93
-76	93
-90	95
-83	93
-57	91
-13	93
43	93
114	91
167	93
173	93
112	93
60	93
-1	93
-91	93
-112	93
-97	95
-47	93
-7	91
30	91
40	91
57	91
90	91
109	91
174	91
210	93
209	93
203	93
169	95
102	93
29	95
-14	95
-48	93
-102	93
-139	93
-166	93
-217	95
-237	93
-240	95
-198	93
-142	93
-114	95
-57	95
19	95
108	95
197	95
269	95
271	97
188	95
44	95
-77	95
-106	95
-117	95
-68	96
-20	96
21	97
51	97
44	97
27	98
-16	98
-52	99
-65	99
-72	99
-57	98
-33	98
15	97
47	97
31	97
12	97
-16	97
-41	97
-55	97
-48	97
-48	97
-53	97
-18	95
2	99
25	95
31	95
18	93
10	95
-23	95
-54	95
-73	95
-48	95
21	97
67	97
95	99
84	97
48	97
10	93
-64	93
-143	93
-197	95
-161	95
-68	93
13	97
92	93
134	95
150	95
160	93
156	93
128	93
85	93
14	91
-60	91
-81	91
-81	91
-36	93
9	93
19	93
11	93
-16	93
-70	93
-107	93
-117	93
-118	93
-52	93
26	93
121	93
204	93
233	93
247	93
227	93
177	93
111	93
44	93
-20	93
-70	93
-99	93
-103	93
-125	93
-114	95
-64	95
-35	95
-22	95
-80	95
-128	95
-148	93
-129	93
-77	93
-42	93
-43	95
-72	95
-108	95
-76	95
7	95
92	95
171	95
214	95
201	95
122	93
60	93
0	95
-47	93
-73	95
-141	97
-177	95
-181	95
-164	93
-75	95
25	95
89	95
124	95
125	93
114	95
105	93
110	95
113	95
90	95
63	95
18	97
-5	97
-10	95
-11	95
7	95
-7	97
-13	95
-2	95
-18	95
-43	93
-90	91
-164	91
-191	93
-167	93
-135	93
-131	93
-142	91
-141	91
-153	91
-177	91
-200	91
-215	91
-161	91
-7	91
213	91
383	91
447	91
468	91
465	91
416	91
333	91
218	91
72	91
-41	89
-103	89
-134	89
-128	87
-93	89
-46	89
10	89
45	89
57	89
66	89
53	87
44	89
7	93
-75	91
-163	89
-218	89
-263	89
-300	89
-272	89
-238	89
-197	91
-130	91
-65	91
-36	91
-15	93
40	93
173	91
348	93
512	91
533	91
435	91
272	91
91	95
-67	93
-171	91
-183	91
-204	93
-183	93
-140	93
-118	95
-80	93
-56	93
-48	95
-63	93
-72	93
-76	93
-87	91
-108	93
-98	93
-95	93
-89	95
-34	95
7	97
47	95
55	97
29	95
0	97
-9	95
-31	95
-80	95
-163	95
-216	95
-197	93
-160	91
-86	95
-26	93
3	95
4	95
30	94
131	93
247	92
407	91
519	91
488	91
431	91
299	91
183	91
121	91
62	91
16	91
-39	91
-125	91
-208	91
-284	91
-339	91
-333	91
-310	91
-250	91
-161	89
-64	89
-21	89
8	87
-13	91
-10	91
-5	87
-9	87
-5	89
8	89
59	87
155	87
266	87
298	87
256	87
198	87
95	87
-17	87
-71	87
-73	89
-50	87
-43	87
-49	87
-58	87
-153	87
-261	87
-319	85
-308	85
-273	83
-244	85
-166	83
-1	85
165	85
327	85
463	83
498	85
393	85
194	83
37	83
0	83
-32	83
-44	84
-47	84
-20	85
4	85
17	85
29	85
35	85
37	85
25	85
2	85
-51	84
-101	84
-137	83
-162	83
-151	82
-126	82
-57	81
16	80
87	81
134	80
92	80
1	80
-64	80
-80	83
-53	80
-25	80
5	79
-17	80
-22	79
-45	79
-64	79
-39	78
-25	79
-12	79
0	81
30	81
54	80
21	83
-46	83
-90	81
-87	83
-102	80
-118	79
-168	81
-181	80
-220	80
-297	79
-230	80
8	83
308	80
562	80
647	79
564	80
383	80
194	81
133	81
151	80
123	81
29	81
-34	81
-97	85
-91	85
-45	85
-45	89
-51	87
-77	87
-192	87
-308	87
-316	87
-272	85
-258	89
-195	87
-154	87
-144	87
-205	87
-302	87
-381	87
-402	89
-262	91
60	89
456	91
768	93
987	93
1008	95
880	93
647	91
391	93
172	91
-36	93
-191	93
-332	93
-406	95
-472	95
-499	95
-503	95
-506	95
-453	95
-341	97
-243	97
-167	97
-90	95
-12	97
101	97
192	99
280	99
327	97
280	97
150	95
26	97
-3	97
-34	97
-88	97
-127	97
-130	97
-130	97
-147	97
-151	95
-125	97
-139	97
-142	99
-110	99
-42	101
97	101
191	103
259	101
337	99
468	101
548	101
519	99
411	101
227	99
34	99
-97	101
-170	101
-242	101
-330	101
-460	99
-607	101
-694	101
-654	101
-482	103
-222	101
131	99
376	103
477	101
531	101
594	103
617	103
563	103
509	103
380	105
117	105
-99	105
-150	107
-217	103
-221	105
-173	105
-163	105
-210	105
-283	105
-374	107
-439	105
-368	105
-274	107
-172	107
-148	105
-151	107
-116	105
-20	107
156	107
301	105
371	105
317	107
167	105
30	107
19	107
79	107
73	109
37	111
31	109
9	109
-7	109
-13	109
-48	109
-54	109
-34	109
-29	109
-21	109
-37	107
-52	107
-82	109
-135	109
-194	109
-227	107
-170	109
-58	109
-22	107
-139	107
-305	109
-263	109
10	109
395	107
747	107
824	109
728	111
516	111
230	111
-18	112
-182	112
-300	113
-338	112
-266	111
-248	109
-276	109
-266	112
-154	112
-50	112
-24	113
-25	113
-27	114
-19	114
-21	115
-34	116
-58	118
-62	116
-28	116
36	116
126	117
261	118
483	117
704	117
733	119
545	119
255	118
-19	121
-214	122
-270	122
-303	124
-320	122
-274	124
-320	124
-393	122
-400	123
-371	125
-315	124
-227	126
-142	124
-59	125
-15	125
12	126
-2	125
-2	126
6	124
-13	127
-3	128
52	125
97	127
156	126
206	127
220	126
141	127
16	128
-39	127
-123	130
-207	129
-293	130
-401	130
-405	127
-298	128
-114	125
57	127
205	125
335	125
424	125
469	126
516	125
602	125
580	126
469	125
409	124
351	124
242	124
192	123
97	126
-138	123
-369	123
-499	123
-591	121
-768	121
-916	123
-878	123
-608	123
-212	125
146	125
395	122
388	124
267	122
138	121
0	121
-18	121
45	121
169	123
400	123
468	124
421	124
362	124
221	125
-27	122
-248	122
-363	122
-356	123
-154	124
103	125
197	123
277	123
415	124
499	124
530	126
516	127
377	126
133	126
-85	128
-247	129
-395	131
-443	129
-463	130
-526	130
-479	129
-439	128
-364	128
-296	130
-246	130
-209	132
-205	133
-213	132
-140	134
-41	131
19	131
15	132
-24	133
16	132
99	134
223	134
311	135
281	134
172	135
0	134
-185	136
-376	138
-408	138
-182	138
114	138
371	140
528	140
552	138
474	136
349	137
176	137
-93	138
-420	137
-669	140
-816	140
-916	140
-696	142
-139	142
446	142
785	140
728	142
290	140
-10	142
179	142
585	142
948	140
1108	142
999	142
669	142
303	144
61	144
-130	144
-325	144
-427	144
-479	144
-484	144
-507	146
-512	144
-471	144
-439	144
-468	144
-450	146
-399	146
-426	144
-439	148
-388	148
-375	148
-374	148
-237	146
-23	148
275	148
588	148
809	148
808	150
733	150
656	150
548	152
462	152
355	152
134	154
-63	152
-170	152
-287	152
-359	152
-338	150
-355	150
-372	152
-414	152
-510	150
-702	150
-910	150
-781	152
-255	152
394	150
865	152
1087	152
1018	154
854	154
724	152
488	152
94	152
-191	152
-312	152
-407	152
-378	152
-344	154
-337	154
-280	154
-169	154
-38	154
38	152
45	154
0	152
-32	152
35	152
163	152
233	154
246	152
209	152
236	152
217	152
127	152
-4	152
-115	152
-200	150
-290	150
-429	152
-542	152
-543	152
-555	152
-584	152
-516	152
-222	152
111	154
300	156
217	154
-85	158
-133	156
280	156
847	156
1235	156
1301	156
978	156
393	156
-23	156
-209	158
-343	158
-375	158
-371	160
-417	162
-510	160
-601	160
-690	162
-781	162
-613	162
-151	162
307	162
608	164
687	164
537	164
281	166
3	166
-139	166
-95	169
102	172
291	172
394	170
419	172
258	172
21	169
-133	170
-172	169
-215	168
-249	169
-290	171
-398	171
-577	173
-720	173
-592	175
-186	174
235	173
481	173
541	174
443	175
367	174
400	175
401	175
332	176
235	176
91	178
-59	179
-192	180
-392	180
-565	180
-661	181
-577	180
-336	181
-94	179
-18	178
22	178
84	178
178	177
331	179
438	177
440	180
261	179
-53	179
-304	179
-164	177
145	178
471	178
699	179
762	178
561	178
258	178
58	178
-173	179
-335	178
-450	179
-562	178
-707	181
-821	181
-847	180
-821	181
-856	180
-717	180
-129	181
627	180
1260	179
1655	180
1613	180
1102	181
589	181
134	182
-223	181
-360	182
-365	185
-375	184
-391	182
-458	182
-551	184
-716	183
-930	183
-972	183
-561	183
143	182
725	184
1005	185
964	185
693	187
319	188
-16	188
-291	188
-464	188
-479	186
-364	188
-154	189
51	187
178	189
266	189
283	189
278	189
265	189
198	188
114	189
70	189
29	189
12	190
-44	191
-158	190
-248	189
-329	191
-392	191
-379	191
-330	191
-238	193
-180	195
-119	194
-49	194
27	195
134	195
241	195
353	194
431	194
497	195
432	194
252	195
-1	196
-229	196
-397	196
-494	196
-505	197
-415	196
-262	199
-247	197
-364	199
-597	199
-592	197
-276	199
315	199
913	197
1229	197
1145	199
889	199
797	199
716	201
655	201
536	203
227	203
-136	203
-345	203
-433	203
-486	203
-512	201
-515	201
-534	201
-577	203
-647	201
-685	203
-438	203
-54	203
247	203
478	203
491	203
339	203
202	203
90	205
-34	205
77	205
333	205
386	207
241	207
49	207
-283	207
-566	207
-703	207
-781	207
-681	207
-603	207
-593	207
-603	207
-673	207
-614	207
-166	207
291	207
771	207
1197	207
1458	207
1663	207
1695	207
1606	207
1101	205
671	207
154	205
-334	207
-635	207
-827	209
-864	209
-831	207
-751	209
-598	207
-471	207
-412	207
-413	211
-468	209
-553	209
-475	209
-214	209
36	209
155	209
177	209
171	207
189	209
172	207
127	207
65	209
65	209
81	209
0	207
-36	209
-150	209
-337	207
-549	209
-599	209
-380	207
145	209
663	209
977	209
1043	209
876	211
645	211
490	213
399	213
311	215
167	215
-54	215
-225	217
-273	215
-274	215
-321	215
-346	215
-266	217
-221	217
-154	217
-58	217
-72	217
-112	219
-149	219
-224	219
-309	219
-330	219
-399	221
-398	221
-149	219
175	221
488	219
641	225
631	223
473	225
262	223
72	226
-98	226
-229	225
-339	226
-442	226
-511	223
-540	221
-608	223
-681	223
-661	221
-510	223
-123	226
512	223
1071	225
1301	223
1156	223
764	225
401	223
272	225
281	223
246	223
84	223
-119	223
-304	223
-456	223
-521	225
-567	226
-670	225
-723	225
-629	223
-434	226
-301	225
-240	225
-205	223
-41	221
300	221
558	223
672	219
677	221
528	221
298	219
122	219
108	221
236	221
374	221
449	219
332	219
-1	219
-526	217
-1040	219
-1420	219
-1247	219
-461	219
375	221
1078	219
1354	221
1130	221
709	221
236	219
-165	221
-376	219
-338	221
-169	221
-33	219
58	219
60	219
32	221
0	221
-67	223
-176	223
-258	223
-348	221
-446	221
-565	221
-725	223
-739	223
-473	227
-121	223
142	226
401	226
501	225
454	225
376	226
253	227
66	226
-25	227
-7	228
9	229
94	229
163	228
41	227
-253	226
-388	227
-233	227
-26	228
266	228
432	229
310	228
130	228
-111	227
-332	228
-250	227
126	228
482	228
721	229
775	228
622	229
318	228
32	228
-114	228
-229	229
-344	228
-483	230
-615	231
-658	230
-458	231
-273	233
-265	231
-471	231
-761	230
-752	229
-578	229
-428	229
-222	230
332	229
996	230
1467	229
1639	229
1334	230
769	229
324	230
40	230
-132	228
-120	230
-84	230
-104	229
-185	231
-331	229
-441	230
-488	231
-564	231
-719	233
-935	233
-956	233
-578	233
73	234
649	233
971	232
1073	233
973	230
763	232
493	232
238	232
29	233
-168	233
-331	234
-487	234
-622	234
-713	234
-671	234
-606	233
-476	233
-358	233
-275	233
-125	233
225	232
536	232
725	232
817	233
619	233
411	234
177	233
-2	233
-46	232
-65	232
-72	231
-54	233
-7	231
-4	231
-74	230
-218	230
-456	230
-792	230
-1068	229
-972	229
-434	228
400	229
1093	227
1322	227
1145	226
579	227
-106	226
-439	225
-226	226
140	227
402	225
341	227
66	227
-101	228
-66	228
48	228
78	228
132	228
164	227
190	226
201	225
209	226
105	223
-145	226
-387	223
-526	225
-607	226
-597	225
-514	225
-482	223
-422	223
-353	228
-365	226
-335	228
-351	226
-484	225
-357	225
280	225
1046	227
1573	228
1643	228
1133	229
510	229
102	228
-157	230
-362	229
-454	230
-467	227
-559	228
-574	228
-494	230
-397	232
-276	230
-143	229
-111	229
-124	229
-90	231
119	231
402	230
627	230
732	233
629	232
369	233
66	231
-258	232
-522	233
-636	233
-672	234
-671	233
-518	235
-197	235
190	239
515	237
660	237
653	236
653	236
578	235
244	235
-108	235
-318	234
-260	235
45	236
279	236
340	236
249	234
54	234
-157	235
-308	234
-411	235
-523	234
-442	234
-126	235
219	234
368	232
247	232
-41	233
-223	234
-244	233
-228	233
-212	233
-239	232
-232	235
-182	233
-166	230
-211	230
-196	229
-134	229
-77	228
-105	228
-248	229
-380	228
-262	230
175	227
692	225
1109	226
1323	226
1105	225
714	225
384	223
158	221
-9	223
-133	223
-330	221
-652	221
-906	221
-1068	221
-1026	221
-818	221
-473	221
-65	221
292	221
488	223
605	221
652	219
668	221
650	221
534	221
384	221
125	221
-296	221
-478	221
-212	221
124	221
353	221
389	221
144	223
-125	221
-210	223
-258	221
-358	223
-500	223
-725	226
-767	226
-616	227
-361	227
121	227
510	229
641	231
662	230
510	232
243	231
210	231
311	232
338	232
278	231
148	230
-3	232
-125	231
-155	233
-185	232
-279	234
-393	235
-517	235
-664	233
-638	234
-487	234
-422	234
-331	235
-198	235
-70	234
67	235
255	235
415	235
535	237
521	235
348	235
110	236
46	236
204	237
315	235
321	235
238	235
63	233
-101	234
-181	233
-313	233
-411	233
-422	230
-292	230
-112	231
-56	231
30	228
230	229
452	229
589	229
587	228
383	228
141	228
24	227
-29	227
2	228
38	231
-31	229
-182	229
-295	229
-303	228
-262	228
-233	227
-250	226
-248	225
-252	225
-239	225
-180	226
-127	223
-93	223
-270	225
-535	223
-539	226
-24	227
835	225
1545	226
1798	227
1500	227
852	226
243	227
-255	226
-607	227
-825	227
-1056	228
-1158	229
-913	230
-394	231
55	231
326	232
323	231
216	232
186	232
270	233
368	231
422	232
426	232
314	234
162	235
60	235
-15	233
-100	234
-152	234
-267	236
-402	233
-467	233
-445	233
-399	235
-338	235
-235	234
-146	234
-101	234
-83	235
-89	235
-49	236
21	236
108	236
158	239
163	236
146	236
95	237
57	235
-14	235
-57	234
-55	233
-42	234
-57	234
-113	232
-177	232
-229	233
-331	231
-459	230
-670	229
-948	229
-1046	228
-577	228
405	227
1362	229
2005	227
2079	227
1630	227
1028	227
566	225
353	226
297	226
204	226
-48	225
-281	223
-494	225
-617	223
-653	221
-624	221
-588	221
-508	223
-405	223
-284	221
-160	223
-149	227
-123	223
-166	223
-341	223
-436	223
-163	223
308	223
697	223
888	223
737	223
276	226
-214	225
-486	227
-608	226
-672	228
-642	229
-548	229
-357	230
-114	229
222	230
503	230
629	228
577	228
489	227
395	229
300	228
260	227
217	228
140	228
58	229
-60	231
-150	230
-222	230
-267	231
-282	230
-289	231
-252	232
-235	232
-200	231
-129	231
-82	234
-48	234
-36	232
-43	234
-34	234
-21	233
-9	233
-13	233
-21	233
-49	231
-60	231
-76	232
-72	231
-69	230
-73	231
-94	231
-99	231
-117	231
-144	230
-107	229
-52	229
73	228
170	228
196	228
234	226
296	226
349	223
346	221
339	223
251	223
90	223
-117	225
-386	221
-560	221
-408	219
9	219
402	217
610	217
568	215
248	215
-201	217
-430	215
-387	213
-246	213
-139	213
-153	213
-28	213
310	213
691	213
877	211
734	213
451	213
202	211
54	213
-32	211
-82	211
-23	211
-43	213
-83	213
-92	213
-190	215
-272	215
-394	215
-482	215
-477	215
-448	213
-419	215
-419	213
-452	215
-415	213
-291	215
-133	215
17	219
114	217
187	219
227	219
249	221
247	219
221	221
203	221
163	223
119	221
74	223
34	223
14	221
14	223
-10	223
-9	223
-17	225
-49	225
-75	226
-85	225
-75	223
-71	223
-71	221
-79	221
-101	221
-166	221
-186	221
-65	221
53	221
163	220
226	219
145	218
43	217
-122	217
-250	217
-266	218
-217	218
24	219
225	218
304	217
374	216
416	215
457	213
478	213
432	213
256	215
37	213
-159	213
-381	213
-506	211
-413	209
-211	207
37	207
261	205
292	205
173	205
66	203
-111	203
-283	203
-234	205
-52	205
28	203
24	203
-1	203
29	203
140	203
274	203
386	203
344	205
228	205
64	205
-100	207
-202	205
-292	207
-331	205
-381	207
-475	207
-494	207
-385	207
-206	207
44	207
271	205
372	207
331	207
245	207
159	205
94	209
52	209
23	211
5	211
-7	211
-36	211
-48	211
-56	211
-40	211
-2	211
30	211
46	211
46	211
3	211
-25	211
-26	211
-34	211
-54	213
-74	213
-104	215
-130	213
-117	211
-121	213
-101	211
-83	209
-78	209
-81	209
-98	209
-91	211
-59	211
-41	209
-26	209
-13	207
-26	205
-85	205
-208	203
-337	205
-312	205
-73	205
262	203
565	203
739	203
661	205
425	203
158	203
3	203
-37	203
-75	203
-13	201
103	199
185	199
201	197
175	199
120	201
-19	199
-109	197
-98	197
-28	197
35	196
-3	196
-160	196
-331	195
-363	197
-154	195
84	195
205	195
201	193
65	194
-149	194
-303	193
-361	195
-297	193
-149	196
33	196
178	195
230	195
241	195
210	195
163	195
73	195
-2	195
-31	194
-50	194
-33	194
-18	194
-9	194
-9	195
-40	195
-70	195
-98	195
-121	195
-131	195
-145	195
-167	194
-182	193
-168	192
-149	191
-100	193
-66	192
-39	192
-12	192
62	192
122	193
168	192
191	190
196	188
188	187
142	187
77	186
21	184
-62	184
-151	185
-127	184
-7	184
103	184
173	183
189	184
130	184
70	184
5	184
-21	184
-12	184
-41	184
-55	184
-7	184
46	184
66	184
67	184
19	185
-61	186
-98	187
-132	188
-165	188
-184	188
-179	187
-192	187
-250	186
-258	185
-137	186
-5	185
87	187
141	187
132	189
169	187
219	187
185	186
69	186
-10	186
28	187
174	185
308	185
394	185
381	187
270	187
150	186
43	187
-62	189
-198	189
-223	189
-170	189
-104	189
-35	189
-49	190
-99	189
-146	187
-155	187
-117	187
-78	188
-78	187
-97	186
-115	188
-119	188
-82	188
-11	187
32	185
65	185
108	185
107	185
74	184
8	184
-25	183
10	182
34	182
66	182
57	182
25	182
-16	181
-63	181
-70	180
-60	180
-47	179
-37	178
-20	178
-35	177
-43	176
-28	175
-17	174
-24	175
-38	176
-90	175
-118	175
-87	175
-84	177
-60	176
-20	174
18	173
47	174
57	174
93	173
146	172
204	174
216	174
206	175
167	173
123	174
74	175
18	174
-39	174
-94	174
-149	174
-204	174
-228	173
-209	173
-116	172
8	171
120	172
167	174
177	173
180	172
145	174
68	173
-41	172
-107	172
-98	173
-11	173
50	173
74	173
56	173
28	172
1	173
-48	173
-72	175
-72	177
-2	176
83	176
145	178
162	178
142	176
106	176
50	174
14	174
-15	175
-62	175
-92	176
-100	176
-106	176
-123	175
-147	176
-140	175
-146	175
-150	175
-127	174
-128	177
-101	176
-58	174
0	174
42	173
67	172
80	173
75	175
66	175
46	175
19	175
-5	175
-18	175
-33	174
-44	174
-40	173
-31	174
-42	173
-29	172
24	173
54	173
64	172
74	173
69	172
49	173
39	173
38	172
36	173
34	172
11	171
-23	172
-71	173
-120	171
-166	172
-155	170
-96	174
-17	172
89	173
189	173
286	174
321	175
305	174
236	173
160	173
93	172
30	171
-34	171
-100	171
-124	170
-151	170
-144	171
-103	170
-77	172
-71	170
-79	170
-91	170
-100	170
-97	171
-92	171
-81	172
-74	172
-79	172
-80	172
-64	172
-41	171
-2	171
40	171
89	172
121	172
103	173
82	173
51	173
26	172
20	172
15	171
4	171
0	170
-18	170
-46	171
-18	168
8	169
38	168
57	166
61	166
37	166
-1	164
-18	164
-32	164
-38	162
-37	162
0	162
30	162
58	162
92	160
114	162
111	162
97	162
53	160
1	160
-13	162
-35	160
-19	158
-5	158
-16	158
-30	160
-42	160
-48	158
-58	160
-60	158
-49	158
-29	158
-25	158
-29	158
-35	158
-45	158
-58	158
-55	158
-59	158
-63	158
-38	160
-43	164
-48	160
-57	162
-37	164
-5	162
14	162
53	162
65	162
47	162
9	160
-18	158
3	160
38	162
63	162
119	160
162	162
172	162
144	162
69	162
15	162
-34	164
-3	162
83	162
154	160
160	162
113	162
38	162
-23	162
-60	162
-83	164
-109	164
-132	164
-132	164
-132	166
-129	166
-123	166
-116	166
-124	166
-139	164
-114	164
-98	168
-64	164
-26	166
12	166
50	166
70	166
82	166
76	164
73	164
65	164
62	162
56	162
40	162
32	160
24	162
12	162
13	162
7	160
-10	160
-18	162
-37	164
-39	160
-38	162
-35	160
-31	158
-26	158
-21	156
-15	156
-12	156
-15	154
-5	154
3	154
24	154
44	154
56	152
59	152
65	152
46	152
22	152
32	152
21	152
0	150
-43	150
-93	150
-118	150
-110	150
-53	150
19	152
78	152
108	152
103	154
62	152
14	152
-8	148
-30	150
-63	152
-56	152
-42	152
-27	150
52	150
129	152
200	154
221	152
179	150
100	150
35	150
-9	150
-46	150
-63	150
-79	150
-81	152
-76	152
-81	152
-86	152
-86	152
-103	152
-107	152
-117	154
-111	154
-76	154
-30	154
54	156
116	154
139	154
124	154
77	154
25	152
-11	154
-28	154
-45	154
-51	154
-64	154
-56	154
-41	154
-22	152
6	154
42	154
60	154
61	154
77	152
58	154
41	154
22	154
5	152
-5	156
-19	154
-24	156
-22	154
-19	152
-20	154
-20	154
-24	152
-22	152
-21	152
-27	150
-44	150
-44	152
-42	150
-34	152
-11	152
-15	152
-11	150
-12	148
-20	150
-30	150
-56	148
-50	148
-9	148
60	148
124	150
172	148
170	150
134	150
89	148
38	152
0	150
-14	152
-36	152
-42	150
-25	150
-50	150
-71	150
-88	148
-87	150
-82	150
-93	148
-124	150
-162	148
-169	150
-145	148
-84	150
31	150
182	148
305	146
372	148
355	148
281	150
181	148
83	148
38	148
-4	150
-27	150
-40	148
-67	150
-80	150
-91	150
-100	150
-103	148
-96	148
-93	148
-86	148
-79	148
-68	148
-58	148
-59	148
-59	150
-43	150
-37	150
-36	150
-10	150
-9	150
0	148
3	148
5	148
7	150
7	148
12	148
17	150
26	150
26	150
35	148
29	150
23	148
18	150
3	148
-12	146
-7	146
-11	146
-11	146
7	144
4	144
5	144
10	144
4	144
-3	144
-12	142
-25	144
-37	144
-24	142
5	144
36	142
61	144
69	142
62	142
50	142
35	142
24	142
0	142
-23	142
-6	142
0	144
12	142
3	142
-17	142
-32	140
-58	140
-74	140
-90	138
-97	138
-97	138
-59	140
-13	138
31	140
69	138
94	140
119	138
150	136
145	138
121	136
108	136
57	137
23	135
5	136
-5	135
-14	137
-34	135
-52	135
-84	137
-102	137
-86	137
-51	137
-24	137
-4	135
8	135
-6	133
-39	133
-59	133
-80	132
-83	133
-38	132
-2	135
45	132
75	133
72	132
69	132
53	131
34	131
15	131
-2	130
-16	130
-10	130
-17	132
-24	131
-28	132
-29	131
-28	132
-21	133
-17	133
-20	133
-1	131
-7	133
-5	131
-4	131
-5	131
0	129
-1	129
1	130
-1	130
2	132
0	131
1	131
-2	132
-2	131
-3	131
-13	130
-25	130
-23	131
-24	130
-14	131
20	131
37	133
57	132
60	132
51	133
44	133
28	134
19	134
8	135
-1	134
-8	133
-6	133
-9	132
-7	131
-7	131
-10	131
-21	133
-31	134
-55	135
-68	134
-49	136
-46	138
-38	135
-30	135
-29	134
-32	135
-40	135
-33	135
-9	137
42	136
98	137
143	137
169	138
168	140
140	140
92	140
49	140
36	140
20	140
-3	137
-6	137
-20	140
-36	140
-48	138
-59	140
-66	140
-68	138
-57	138
-53	138
-45	140
-42	138
-39	137
-36	138
-23	138
-21	137
-20	140
-25	138
-11	138
-4	138
-4	138
18	136
10	142
1	140
-10	138
-19	138
-27	140
-32	135
-26	135
-8	135
31	135
64	134
88	133
93	134
78	135
51	134
16	133
-7	134
-12	135
-14	134
-15	134
2	132
-2	135
-6	134
-14	134
-20	133
-20	132
-23	130
-16	130
-16	130
-13	132
-13	131
-10	133
-11	132
-13	132
-24	130
-28	132
-29	131
-20	130
-18	128
-16	128
-1	128
-12	130
-13	128
-11	129
-2	128
22	128
42	128
57	127
56	126
53	127
43	128
40	125
28	125
16	125
8	124
1	123
-9	123
-19	123
-24	124
-25	124
-13	125
-3	125
-1	124
-1	123
-8	122
-14	121
-18	121
-17	121
-3	121
11	121
25	122
36	122
36	122
32	122
22	122
10	121
-9	121
-10	120
-22	119
-31	119
-12	119
-20	122
-18	121
-16	120
-18	119
-15	119
-10	120
-7	121
-6	121
-2	119
-5	120
-5	120
-5	118
-1	117
2	117
-2	116
-6	115
-1	117
-2	118
-10	117
9	116
3	118
3	117
7	116
8	115
11	115
8	113
8	113
2	112
0	112
-1	112
0	112
0	112
1	112
0	112
-4	112
-12	112
-5	112
-4	113
-2	112
17	113
14	113
16	109
13	109
7	111
3	112
-2	109
0	109
-4	111
0	109
-2	109
-3	107
-3	107
-2	107
-1	107
-3	107
-10	105
-5	107
-8	107
-10	105
10	105
2	107
3	107
2	107
-1	107
0	107
-2	107
3	107
2	105
1	105
1	105
0	103
-4	103
-2	105
-1	105
-4	103
-11	105
-3	103
-2	101
-8	103
3	103
-8	103
-5	103
1	103
1	99
3	101
2	101
8	99
8	99
15	101
16	103
9	101
0	101
-4	101
-5	99
-2	99
-2	101
14	101
15	101
9	99
20	99
2	101
-5	101
-9	99
-15	99
-16	99
-12	99
-8	99
-6	97
-1	97
-1	97
3	99
1	99
2	99
5	99
-1	97
-7	97
-3	97
-10	97
-20	97
-13	99
-27	101
-17	99
0	101
19	99
33	99
35	99
34	99
19	99
11	97
2	97
-3	99
-8	99
-10	97
-11	99
-9	97
-15	97
-6	97
-9	97
-14	97
5	97
-4	99
-1	97
-1	99
0	97
1	99
-2	97
-1	97
-3	99
0	99
-4	97
-3	99
-4	101
-2	99
-1	97
-1	97
-7	95
-2	95
-4	95
-10	95
10	95
5	97
5	97
6	95
3	97
6	95
0	97
2	97
2	95
5	93
3	93
4	93
3	93
4	93
4	93
2	93
0	93
-3	93
-7	93
-8	93
-1	93
4	93
5	93
6	93
5	93
3	93
1	93
-1	93
-1	92
-2	92
-3	91
-5	91
-5	91
-5	90
-3	90
-3	89
-10	89
-5	89
-4	89
-7	89
7	89
1	89
2	91
2	91
-1	91
4	89
0	91
4	89
4	91
4	91
1	91
1	89
-1	89
0	89
0	87
-3	87
-10	87
-5	87
-2	89
-8	87
8	85
1	89
4	89
6	87
3	87
2	87
-2	87
-1	87
-4	87
1	87
-1	87
0	87
-1	87
0	87
0	87
-1	89
-7	89
0	89
-3	87
-8	87
8	85
0	87
0	85
-2	85
-3	83
0	85
0	85
3	85
0	85
1	85
0	85
1	87
0	85
3	85
3	85
-1	85
-6	85
0	85
-5	85
-10	85
8	85
1	87
2	87
2	89
2	87
4	87
3	87
5	85
-4	85
-4	83
-3	83
-1	83
0	83
-2	87
-6	83
-5	85
-11	85
-2	85
-2	83
-6	85
10	85
2	85
4	85
6	87
2	85
2	87
1	85
3	87
0	87
1	89
0	89
2	89
0	87
1	89
2	87
1	87
-7	87
0	87
-5	87
-9	87
8	87
0	89
-1	89
-2	87
-5	87
-2	87
-2	87
2	87
0	87
4	87
1	87
1	87
0	87
0	89
0	87
-3	87
-9	89
-2	91
-5	91
-10	91
8	91
0	93
4	91
7	91
5	91
6	91
4	89
4	89
1	89
0	89
-2	89
0	89
-1	89
0	91
1	89
-3	89
-7	89
-1	89
-6	91
-11	91
7	89
4	91
5	91
3	89
0	91
4	91
0	91
2	91
0	93
3	93
2	91
1	93
0	93
3	93
1	91
-2	91
-7	91
-2	93
-6	93
-11	91
6	93
-2	95
2	93
1	93
-1	93
1	91
1	93
3	93
0	93
3	93
3	91
3	93
1	93
1	93
-1	95
-4	95
-12	95
-4	95
-5	97
-9	95
8	95
1	99
2	97
0	95
-1	93
3	95
1	95
4	95
2	95
2	97
2	97
4	95
1	95
5	97
1	97
-5	97
-16	97
-10	97
-9	97
-15	97
4	97
0	99
2	99
2	99
0	99
2	99
0	101
1	101
1	101
3	101
2	101
3	101
0	99
2	99
2	101
-1	101
-6	101
0	101
-4	101
-8	101
9	101
0	103
3	101
5	103
3	103
3	103
2	103
0	101
-3	101
-1	101
0	103
1	105
0	103
4	105
1	107
0	105
-7	105
-2	107
-4	105
-10	105
9	105
0	107
3	107
3	105
1	107
3	107
2	107
4	107
1	105
4	107
2	107
0	107
-2	107
-3	107
-4	107
-5	107
-9	109
-2	109
-4	109
-9	109
5	109
-1	112
0	113
0	111
-1	113
2	112
1	111
4	109
0	109
2	109
2	111
4	109
0	111
2	111
2	111
-2	112
-9	113
-4	112
-4	112
-8	113
8	112
1	113
4	112
2	109
3	111
6	111
3	111
4	112
0	113
0	114
-5	115
-2	115
-5	115
-2	114
0	114
-3	115
-7	114
-2	114
-5	114
-10	115
7	114
0	115
0	116
0	115
-1	114
3	113
0	114
1	116
3	114
3	115
0	115
1	115
2	115
1	115
0	114
0	115
-5	115
1	115
-4	116
-12	118
3	117
-1	120
2	117
2	116
0	117
3	116
0	116
1	115
1	117
4	117
0	116
3	118
0	117
2	117
1	117
0	117
-6	116
-3	116
-3	116
-9	117
8	116
0	119
1	117
3	117
1	118
3	116
-3	118
-5	119
-8	118
-2	119
-3	119
-2	119
-3	118
-2	118
-4	115
-3	117
-9	117
0	118
-2	119
-6	119
9	120
2	119
2	118
5	119
1	119
1	120
-1	120
-1	118
-2	119
-2	119
-1	119
3	119
2	119
4	121
2	121
0	122
-7	122
-2	122
-3	122
-9	121
8	121
-1	123
2	120
1	120
1	120
5	121
-1	121
2	122
0	122
2	122
-2	122
0	121
-2	121
-2	121
0	120
-4	122
-10	120
-1	121
-3	119
-8	120
9	120
1	123
-1	120
0	121
-1	121
0	122
-2	121
1	122
-2	122
0	122
2	121
1	120
0	120
2	120
2	121
0	121
-11	121
-2	122
-5	121
-12	122
6	122
-2	122
1	123
1	122
-1	121
0	120
-2	120
1	122
0	121
0	122
-3	122
-3	123
-3	124
-1	124
-3	124
-3	124
-6	124
-1	123
-4	122
-8	121
10	121
4	123
4	123
3	122
0	122
0	124
-3	123
-3	122
-5	123
-1	124
-2	124
1	123
1	123
2	124
2	120
-1	123
-5	123
-1	122
-5	123
-9	124
8	125
2	127
2	127
3	125
2	125
5	125
2	124
4	123
1	122
1	123
-1	123
1	123
1	125
0	124
2	123
-2	124
-6	123
1	123
-4	123
-11	125
7	124
-1	125
2	125
3	124
-1	125
3	124
1	124
3	124
2	125
1	127
1	127
2	126
-1	126
2	126
4	125
0	125
-7	125
-1	123
-7	123
-9	124
5	125
-1	128
0	126
0	126
0	125
3	125
1	123
-1	125
-1	125
0	125
-1	125
3	125
1	125
0	123
0	124
0	125
-9	127
-7	127
0	127
-9	127
5	129
3	130
0	127
3	127
-1	125
4	124
-1	124
1	125
-1	125
2	125
0	125
0	124
-1	126
0	126
0	124
-3	124
-10	125
-3	124
-4	125
-9	125
7	125
0	127
4	126
4	126
5	127
4	128
1	128
2	128
1	129
4	128
1	128
0	126
-2	127
0	125
0	125
-4	125
-10	125
-3	127
-4	128
-10	127
7	127
1	131
1	127
2	127
1	127
2	126
0	128
2	127
0	126
1	127
1	127
0	127
-2	128
0	129
0	129
-3	129
-7	129
-1	130
-3	131
-7	128
10	127
3	128
4	126
6	126
3	127
4	127
0	128
4	128
1	127
0	129
-4	126
-3	126
-3	125
-3	126
-1	128
-3	127
-9	126
-1	126
-2	126
-8	127
8	128
0	130
2	129
1	129
2	129
4	129
1	128
6	128
1	128
2	127
0	126
1	127
0	127
0	127
-1	127
-4	127
-10	127
-5	128
-6	127
-9	126
7	125
0	128
2	129
1	128
1	127
1	128
-1	128
1	128
-2	127
0	127
0	129
1	129
0	129
1	131
1	131
-2	129
-9	128
-3	127
-4	127
-9	127
6	126
0	131
1	130
1	129
0	129
0	128
0	130
-1	128
-2	129
0	128
0	129
0	129
-1	130
1	128
0	129
-2	129
-9	129
-4	130
-6	130
-8	130
10	132
1	133
0	133
2	133
1	131
3	131
2	130
4	129
0	129
1	130
-2	131
-1	131
-1	131
0	131
0	131
0	131
-7	131
-5	130
-5	130
-10	130
7	132
-1	133
3	133
3	133
3	133
4	132
1	133
2	133
0	133
4	134
3	135
0	135
-5	134
-5	133
-2	132
-4	132
-9	132
-1	132
-4	132
-7	132
8	132
2	136
1	133
0	135
0	133
1	134
-2	133
2	133
-3	134
-2	134
-3	134
0	135
0	134
1	134
1	135
-2	134
-7	135
0	137
-2	136
-7	138
8	137
1	138
2	136
2	136
1	135
2	134
2	134
2	136
2	135
1	137
1	136
4	137
0	137
2	136
2	136
-3	136
-7	136
0	136
-4	135
-8	137
6	137
-1	138
1	137
1	137
-1	138
0	140
-1	138
1	140
-3	140
-1	138
-1	138
0	137
0	136
0	137
0	137
-1	137
-7	138
0	140
-3	140
-6	138
10	140
3	142
1	142
0	140
-1	140
3	140
1	140
1	138
-1	137
0	140
0	140
0	142
0	140
0	142
0	142
-1	142
-6	142
0	142
-6	144
-11	142
7	142
1	144
4	142
3	142
-1	142
2	142
-1	142
0	140
0	140
1	142
0	142
2	142
1	140
1	142
-1	142
-2	142
-9	140
-3	142
-3	142
-8	142
8	142
0	146
0	144
0	144
0	144
3	144
0	144
1	142
0	142
0	142
-4	142
0	142
-3	142
1	144
1	142
-1	142
-7	142
0	144
-4	144
-10	144
8	144
3	146
4	144
3	144
3	144
4	144
4	142
6	146
4	144
8	146
4	146
8	146
4	148
0	148
-1	148
-3	148
-6	146
-2	146
-6	144
-15	144
5	146
-1	146
-1	146
0	146
-2	146
-1	146
-2	148
0	146
-3	148
-2	146
-1	148
0	146
0	148
1	146
-2	146
-5	148
-9	148
-6	148
-6	150
-9	150
7	150
2	152
2	150
5	150
1	150
3	148
0	150
2	150
2	148
5	150
1	148
3	150
1	150
2	150
1	150
-1	150
-6	148
2	150
-2	150
-8	150
8	150
0	150
2	150
4	150
0	154
3	150
0	154
0	154
0	154
2	154
-1	154
0	154
0	154
1	152
-1	152
-2	152
-6	152
0	152
-4	152
-5	154
9	154
4	156
4	154
1	154
-1	152
1	152
1	150
1	150
-1	152
0	152
-3	150
-2	152
-1	152
0	152
1	154
-1	152
-8	156
-1	154
-6	154
-11	154
8	154
0	154
3	152
2	154
1	152
4	152
0	152
1	152
1	154
3	154
3	152
4	154
1	154
-1	152
-2	154
-5	152
-10	152
-2	152
-4	152
-9	152
9	152
0	154
1	154
1	152
1	154
4	154
1	154
5	156
1	154
0	154
1	154
0	154
-1	154
0	154
0	154
-2	154
-8	154
-5	154
-8	154
-10	154
7	154
1	156
4	154
3	154
0	154
0	152
0	152
1	152
0	152
1	154
-1	154
0	156
0	156
1	156
-1	154
-5	156
-8	156
1	154
-2	154
-9	154
7	154
1	156
2	154
-1	152
-3	154
-5	154
-4	154
0	154
0	154
0	154
-3	154
0	154
-1	154
1	154
0	152
0	154
-5	154
-1	156
-4	156
-7	154
10	156
1	158
2	158
3	156
2	154
3	156
0	154
3	152
1	154
2	154
0	154
-2	156
-4	156
-2	156
-3	156
-3	154
-8	156
-1	154
-4	154
-8	154
8	152
0	154
0	154
2	156
1	156
2	154
0	156
1	154
0	158
3	156
2	156
3	156
1	158
4	156
3	156
-3	154
-11	154
-7	154
-6	154
-12	154
3	154
-2	154
1	154
2	155
2	155
1	156
1	156
3	156
2	156
2	156
-2	156
-1	156
0	156
2	155
1	155
-1	154
-6	156
0	156
-4	156
-6	158
13	156
6	158
7	156
8	156
4	154
2	156
-2	154
-4	156
-9	156
-5	156
-4	156
-2	154
-1	154
-1	154
-1	156
1	154
-6	154
-1	156
-3	156
-8	156
9	156
3	156
3	156
3	156
1	156
4	158
1	156
3	158
-1	156
0	158
-2	158
1	156
0	154
0	156
1	156
-2	154
-8	156
-2	158
-3	156
-9	156
8	156
-1	158
3	158
4	156
0	154
1	154
2	154
3	156
3	156
6	156
2	154
3	154
0	156
1	158
-2	156
-6	158
-9	158
-5	156
-5	156
-11	156
7	156
1	156
1	158
1	156
0	156
3	156
2	156
2	156
0	158
2	156
1	156
1	156
-1	156
0	156
0	156
-4	156
-8	156
0	154
-4	154
-7	156
10	158
4	158
3	158
4	158
3	160
6	158
1	158
-5	158
-7	158
-3	156
-4	156
-2	158
-3	156
-2	156
0	154
-1	156
-6	158
1	156
-2	156
-10	156
6	156
0	156
1	156
3	154
1	156
6	154
2	154
2	156
0	154
2	158
-1	156
0	158
0	160
-1	158
-1	158
-2	158
-10	156
-4	154
-4	156
-7	156
9	158
0	158
0	156
1	156
0	156
4	154
0	154
3	154
0	154
2	154
0	156
-1	156
-2	154
0	154
-1	154
-2	154
-8	156
-4	156
-4	156
-10	158
8	158
0	160
3	158
1	156
0	158
2	156
0	156
3	154
1	156
3	156
0	154
2	154
2	154
-1	156
0	154
0	154
-7	156
-4	156
-5	154
-8	156
8	154
2	156
0	156
1	154
4	154
8	154
0	154
0	156
-5	156
-2	158
0	156
0	156
0	156
0	154
-1	152
-4	154
-10	154
-4	154
-5	154
-11	154
8	154
2	156
1	156
2	154
2	154
2	152
-1	154
4	154
2	154
3	154
0	154
1	152
1	152
2	152
-1	152
-1	154
-6	154
1	154
-3	154
-8	154
8	154
0	156
7	154
5	154
2	152
2	152
0	152
1	152
-2	150
0	154
0	154
-1	152
-1	152
0	154
-2	152
-3	152
-9	152
-4	152
-4	150
-10	152
8	150
1	152
0	154
1	152
0	152
1	154
1	154
4	152
1	152
4	152
2	152
3	152
0	152
4	150
2	152
-1	150
-5	150
-3	150
-8	152
-12	150
4	150
0	152
3	150
3	150
3	150
3	150
0	150
3	148
0	148
-1	148
-4	150
0	148
-3	150
-3	150
-3	150
-6	148
-10	150
-3	150
-6	150
-11	150
9	150
2	152
3	148
5	148
4	148
6	148
3	148
3	148
0	146
-3	146
-6	148
-6	146
-3	146
3	148
5	146
4	148
-1	148
8	148
5	146
2	148
20	148
12	148
11	148
6	148
0	148
0	148
-5	146
-6	146
-6	146
-6	144
-9	146
-5	146
-6	144
-5	144
-7	146
-6	146
-12	144
-5	146
-7	146
-12	144
5	144
-1	144
0	146
2	144
-1	144
0	144
0	144
0	144
0	144
2	144
0	146
3	146
2	146
0	146
-2	144
-4	144
-11	144
-3	144
-5	144
-9	144
9	142
3	144
2	146
2	144
1	144
4	144
2	144
4	144
3	144
2	144
2	144
4	144
2	142
1	142
-2	142
-4	142
-7	144
-2	144
-4	144
-8	146
8	144
1	146
1	146
1	144
3	142
7	142
0	142
-1	144
-3	142
-1	144
-3	144
-1	144
0	142
0	140
0	142
-6	142
-10	142
-5	142
-4	142
-8	142
7	142
-1	142
0	140
2	142
0	142
0	140
0	140
3	142
1	142
0	142
-3	142
0	144
-2	140
0	140
-4	140
-1	140
-3	140
-6	140
-11	140
-13	140
-3	140
5	140
6	140
7	139
5	139
4	138
4	138
4	138
4	138
3	138
3	137
2	137
2	138
1	138
1	139
0	140
-6	140
0	140
-5	138
-16	137
-4	137
-11	138
-12	136
-18	136
-13	137
-5	135
0	135
9	137
13	135
20	135
14	135
9	136
-1	135
-9	134
-16	133
-17	133
-11	134
9	134
23	133
27	133
47	136
34	137
25	135
11	134
-3	135
-11	133
-22	134
-24	134
-31	134
-34	133
-39	132
-37	130
-30	131
-17	130
-5	129
4	130
8	132
24	131
27	131
21	131
37	130
30	130
28	129
22	130
16	129
19	128
14	128
9	127
0	127
-4	128
-11	129
-12	128
-16	128
-12	130
-9	131
-6	131
-10	129
-5	129
-9	127
-15	128
0	125
-8	128
-9	127
-8	128
-9	126
-5	127
-3	126
0	130
-3	126
-1	125
-4	127
0	128
-1	128
-1	127
2	127
-1	126
-7	126
1	127
-3	127
-7	128
7	129
-1	131
3	129
5	129
4	129
3	128
0	127
2	126
1	126
6	127
4	126
5	126
3	126
0	125
0	125
-6	128
-8	126
-2	126
-6	127
-11	128
5	127
-2	128
-2	126
-1	126
3	125
9	126
13	126
19	127
15	128
15	127
11	127
9	128
5	127
0	127
-4	128
-10	124
-18	124
-13	124
-18	124
-23	125
-6	125
-10	127
-9	125
-5	125
-2	124
-1	124
-5	122
-6	122
-7	122
-9	121
-16	120
-16	122
-6	122
18	121
40	118
50	120
51	122
51	123
44	123
36	120
26	121
16	122
6	120
-2	118
-7	117
-13	117
-19	116
-22	115
-16	116
-11	116
-7	117
-4	116
-5	116
-9	116
-19	116
-30	115
-45	114
-45	114
-46	113
-41	112
-9	113
4	114
29	113
44	113
45	113
37	114
25	114
11	114
-2	114
-6	113
-14	113
-15	112
-15	112
-15	112
-12	109
-10	111
-14	112
-3	111
-1	111
-3	112
17	113
10	113
12	112
11	111
3	111
2	112
-3	109
-1	111
-3	111
-1	109
-2	109
0	111
-3	111
-1	112
0	112
0	112
-4	113
4	113
0	113
-8	112
1	109
-11	113
-5	111
-1	113
0	113
4	111
3	112
0	112
-6	112
-5	112
-9	112
-11	112
-20	111
-23	111
-22	109
-10	111
10	111
37	109
41	109
36	109
36	111
6	112
-18	113
-35	112
-39	112
-32	112
-13	111
14	111
37	109
57	109
65	109
61	109
49	107
30	109
6	111
-12	109
-21	109
-15	107
-8	109
-8	109
5	107
-8	111
-13	109
-20	107
-23	107
-15	107
-14	107
-10	107
-13	107
-10	107
-10	109
-4	107
-5	109
-3	109
-3	109
-5	109
-11	109
-7	107
-13	107
-24	107
-9	107
-10	109
-3	107
5	107
10	107
11	107
7	109
5	107
-2	107
-2	105
-4	107
-1	107
0	107
1	107
5	109
2	107
2	109
9	109
5	109
-1	111
13	111
1	114
-1	111
-2	109
-4	109
-2	109
-2	109
2	109
-4	109
-4	107
-9	109
-12	112
-13	111
-11	112
-7	109
-6	109
-7	109
-9	109
-17	110
-22	110
-18	111
-14	111
-11	111
-8	111
-9	111
-12	111
-20	111
-23	111
-11	112
2	112
18	113
33	113
44	112
55	111
65	110
77	109
85	109
96	111
84	109
60	109
50	111
10	113
-19	113
-41	111
-47	109
-36	109
-19	109
-4	109
-2	109
4	109
8	109
12	109
20	109
19	109
10	111
-10	111
-31	112
-31	111
-45	111
-52	112
-35	112
-43	113
-35	112
-34	111
-33	109
-28	109
-24	109
-18	109
-19	111
-16	112
-14	112
-8	109
-5	111
0	109
3	109
9	109
4	109
12	109
8	109
-1	109
17	109
10	114
13	113
14	113
8	113
3	114
0	114
0	115
-5	114
-4	114
-2	114
-7	113
-15	113
-20	114
-16	114
-9	115
-7	115
-6	116
-7	117
-6	116
4	116
13	117
15	116
19	116
24	116
26	116
20	117
12	116
2	116
-5	117
-6	116
-5	117
3	118
8	119
2	119
-3	120
-1	119
20	120
32	119
48	119
77	118
59	120
32	119
9	118
-7	119
-18	117
-41	119
-61	119
-64	118
-37	119
0	118
28	119
37	119
34	119
18	117
5	118
-3	120
-3	119
-3	119
-5	121
16	120
11	123
8	120
2	121
-11	120
-31	119
-68	119
-79	118
-68	118
-34	118
-4	116
30	118
46	117
42	117
33	117
15	120
-11	118
-23	118
-36	118
-45	119
-16	117
-10	119
-5	118
-7	116
4	118
35	116
53	116
60	116
48	117
26	119
-6	117
-39	117
-60	118
-63	118
-39	117
-12	117
7	117
39	117
47	117
47	118
56	116
35	120
18	118
1	119
-9	119
0	117
4	117
6	118
-3	119
-12	119
-19	118
-25	118
-27	118
-21	119
-26	119
-28	120
-34	121
-23	120
-21	121
-29	121
-14	121
-28	125
-26	123
-1	122
28	122
45	121
48	121
36	118
14	119
15	120
30	122
43	122
54	122
55	122
32	120
-3	120
-29	123
-39	122
-46	124
-54	122
-47	121
-60	124
-68	122
-82	121
-79	123
-43	122
-5	123
39	125
66	125
84	124
88	124
90	125
81	124
69	124
48	126
20	124
-19	123
-24	124
-16	125
-22	125
-7	124
-8	128
-6	124
-6	125
-12	125
-39	125
-71	127
-82	125
-79	125
-38	125
16	125
73	125
126	125
155	127
148	128
116	129
72	128
30	130
-7	128
-38	129
-49	129
-58	130
-61	128
-64	129
-64	127
-62	129
-56	130
-50	130
-45	129
-40	131
-36	131
-32	130
-36	131
-41	130
-50	130
-58	130
-58	130
-42	131
-33	132
-14	131
46	132
82	135
109	134
120	134
103	133
78	134
57	135
51	134
50	134
41	133
19	134
-16	133
-61	133
-93	133
-106	131
-91	132
-49	133
-9	132
15	133
34	135
58	131
50	132
31	132
0	131
-31	132
-45	131
-46	131
-27	131
-9	131
13	130
16	131
4	132
-6	131
-9	133
-10	134
-4	133
18	133
57	131
66	130
59	129
79	131
52	130
32	129
27	129
7	130
-7	129
-20	129
-40	131
-61	129
-74	127
-81	128
-61	130
-39	129
-3	128
28	129
42	129
39	128
31	129
11	129
-10	131
-1	130
-11	132
4	131
18	131
18	130
20	129
12	132
22	131
40	129
50	129
31	129
9	129
-2	129
-9	128
-12	130
-7	130
-26	132
-40	130
-58	129
-79	129
-68	130
-78	132
-71	131
-55	129
-31	129
-3	131
13	130
16	131
12	131
24	131
36	133
50	132
64	133
80	132
74	131
64	130
56	130
51	130
38	130
12	131
8	130
-22	133
-34	132
-52	133
-69	133
-66	132
-71	131
-69	130
-75	130
-85	130
-93	131
-80	130
-60	131
-18	131
35	130
96	129
145	132
168	133
146	134
93	132
50	133
0	134
-21	132
-43	132
-47	130
-20	129
9	130
25	129
5	130
-19	131
-30	131
-27	131
-3	131
44	130
76	129
85	128
72	128
56	130
12	130
-35	129
-46	129
-77	131
-86	131
-103	131
-100	130
-81	131
-61	130
-25	131
-8	132
2	131
-1	130
-2	130
-21	129
-65	129
-88	127
-72	126
-24	128
69	128
130	128
154	127
166	128
104	129
57	127
31	126
29	127
21	128
10	127
15	128
12	129
3	127
-2	128
-2	128
-22	127
-43	130
-69	129
-89	130
-103	128
-87	129
-65	128
-17	127
59	127
95	128
99	127
76	125
54	126
37	125
16	126
-1	126
-20	126
-31	126
-41	125
-56	123
-57	124
-48	126
-51	125
-57	125
-71	125
-75	125
-82	123
-58	125
10	125
56	127
109	127
139	126
123	125
91	126
47	127
3	127
-43	126
-68	124
-85	123
-105	123
-127	124
-138	124
-105	125
-39	124
10	124
45	124
38	124
33	124
35	123
37	123
39	123
41	123
42	123
50	123
74	123
96	123
114	123
125	123
107	124
93	124
90	124
75	124
25	124
-28	123
-79	124
-101	122
-112	121
-107	120
-79	121
-91	123
-98	122
-87	120
-63	120
-7	121
56	120
108	119
134	120
133	120
98	120
60	119
14	119
-46	118
-94	119
-100	118
-79	118
-23	118
10	119
35	119
62	120
37	121
9	120
-10	119
-24	118
-34	116
-50	117
-78	116
-91	114
-83	114
-87	115
-81	115
-74	116
-61	115
-65	113
-86	114
-90	114
-56	112
-17	114
37	114
98	112
107	114
116	112
100	112
55	109
22	111
1	109
12	112
55	112
124	111
179	112
191	111
159	111
96	109
36	109
19	107
-1	109
-7	109
22	109
46	109
56	109
58	111
38	109
24	109
30	109
51	109
109	109
153	107
153	107
146	107
118	107
91	107
67	107
43	107
22	109
21	107
3	107
-3	107
24	108
47	108
56	109
58	109
39	109
26	108
32	108
51	107
106	107
148	107
148	107
141	107
115	107
90	107
67	107
44	106
24	106
0	105
-36	105
-53	105
-78	105
-102	105
-90	105
-108	105
-123	107
-143	105
-151	107
-149	105
-143	107
-106	105
-40	107
41	105
88	103
85	103
56	105
44	103
56	103
82	105
93	105
103	103
90	103
60	101
43	101
15	103
-5	101
-33	101
-47	101
-50	101
-50	99
-44	99
-42	101
-44	99
-52	99
-50	99
-48	101
-46	101
-56	101
-60	99
-77	99
-90	99
-82	101
-35	99
42	97
83	99
116	97
111	97
71	97
43	97
29	97
45	95
64	95
80	95
81	95
72	93
33	91
-46	93
-153	91
-259	91
-278	93
-161	93
8	93
145	93
228	91
205	93
143	93
84	91
39	93
13	91
-16	89
-41	89
-44	89
-38	89
-29	87
-16	87
-4	87
7	87
12	87
-10	87
-53	87
-70	87
-61	85
-20	85
49	87
87	89
102	87
78	85
29	85
-23	85
-41	87
-3	85
42	83
102	85
119	87
107	87
56	85
9	85
-11	81
-37	81
-68	83
-80	81
-98	80
-106	81
-85	81
-84	83
-72	81
-69	83
-69	80
-87	80
-98	80
-87	79
-74	80
-42	79
-9	78
17	78
39	78
77	78
120	78
132	76
120	77
79	79
35	78
0	78
-2	77
-24	79
-50	78
-85	75
-80	76
8	73
91	73
142	74
139	74
91	73
27	73
-18	73
-44	72
-52	72
-71	71
-90	71
-95	69
-100	69
-131	70
-155	68
-124	70
-95	70
-52	70
-20	68
16	70
55	69
84	70
119	70
149	69
161	69
145	69
97	68
52	69
33	68
44	66
60	66
38	67
20	68
-14	65
-39	67
-7	65
29	68
80	67
92	66
62	64
24	64
-10	64
-51	64
-91	66
-119	67
-126	65
-131	64
-145	63
-166	65
-158	64
-77	65
-17	67
21	67
3	66
-15	66
8	64
53	65
123	63
168	63
146	61
92	62
48	62
49	63
87	61
103	62
115	63
115	62
65	61
-10	61
-78	61
-128	60
-135	61
-107	61
-86	60
-66	60
-32	61
-32	62
-25	62
-46	62
-47	63
-18	62
-11	62
-6	63
-10	62
-8	61
3	60
10	59
24	58
39	58
38	60
6	59
-37	59
-57	58
-78	59
-84	59
-48	59
-30	60
6	59
39	58
43	58
39	59
22	59
23	58
42	59
39	58
17	58
14	59
32	61
62	62
82	62
84	62
54	61
13	60
-46	59
-93	58
-112	59
-152	61
-137	60
-71	61
31	60
106	60
133	61
128	60
65	61
7	61
-32	60
-95	60
-115	60
-100	60
-99	60
-41	60
47	60
129	60
161	61
124	62
117	62
82	66
42	64
15	64
-19	64
-14	63
9	62
22	61
15	60
0	60
20	60
62	60
68	60
62	62
22	62
-27	62
-43	63
-56	62
-60	61
-65	62
-75	62
-87	64
-101	62
-118	62
-142	63
-162	64
-167	64
-170	65
-167	65
-135	67
-19	66
93	66
195	67
270	65
259	66
229	66
120	64
13	65
-32	65
-47	66
-42	65
-47	67
-18	68
0	66
8	68
45	67
90	68
102	66
59	67
-2	67
-73	68
-128	68
-158	68
-181	68
-167	68
-69	69
15	69
48	72
22	71
-29	71
-35	71
-10	72
51	71
104	70
123	69
128	71
132	71
133	70
123	71
78	72
16	73
-67	75
-96	75
-39	74
65	74
167	73
194	75
172	76
87	77
-3	77
-35	76
-71	79
-96	77
-123	80
-132	81
-158	83
-196	83
-229	83
-216	83
-130	85
-71	83
7	83
78	83
123	83
142	83
140	83
105	85
75	85
58	85
34	87
-9	89
-59	91
-128	91
-185	89
-208	89
-215	89
-171	89
-130	91
-104	89
-67	91
3	91
64	93
96	95
108	95
62	95
21	95
65	97
214	99
351	99
423	97
431	97
347	99
225	97
60	101
-100	103
-134	101
-124	101
-94	103
-51	105
-41	105
-55	105
-94	105
-146	105
-193	107
-245	105
-273	107
-223	109
-119	107
-22	109
53	111
102	111
71	114
43	115
15	115
-19	115
-25	116
-46	116
-92	116
-105	117
-103	116
-88	118
-86	119
-115	118
-144	119
-163	119
-191	122
-132	123
65	121
245	122
392	122
503	122
510	124
456	123
366	121
268	122
171	124
67	123
4	125
-37	125
-95	126
-155	128
-216	128
-263	129
-279	131
-339	130
-411	131
-376	130
-163	131
128	131
350	131
472	131
442	135
304	135
125	136
-15	136
-96	137
-190	140
-230	140
-195	140
-141	140
-126	140
-128	142
-139	144
-136	146
-123	146
-100	146
-82	146
-60	146
-68	148
-89	150
-68	152
-43	154
30	154
130	154
207	154
250	154
224	156
158	156
101	158
38	158
-35	158
-67	158
-78	160
-95	162
-129	162
-170	162
-212	164
-231	164
-227	166
-197	166
-100	166
-31	169
78	169
195	169
271	170
300	170
299	171
329	171
340	172
317	173
253	173
193	174
129	174
97	173
107	173
76	173
-11	172
-120	172
-224	172
-281	174
-250	175
-200	176
-132	176
-130	175
-151	177
-173	176
-201	176
-211	177
-161	177
-61	179
83	180
235	180
331	180
352	181
252	182
80	182
-93	184
-223	185
-215	186
-177	185
-50	186
46	186
52	185
41	186
-24	185
-78	187
-95	188
-86	188
6	187
101	189
207	188
282	189
263	190
227	188
143	189
57	190
-29	190
-91	189
-161	191
-228	190
-233	190
-204	193
-206	192
-249	191
-240	192
-210	194
-198	194
-157	193
-117	193
-109	192
-115	194
-82	193
-25	194
110	193
236	192
321	194
364	194
408	194
474	195
555	193
613	195
515	197
358	195
179	196
-38	196
-173	196
-233	199
-239	197
-229	197
-244	199
-253	199
-262	201
-281	201
-301	201
-320	201
-317	203
-293	203
-213	203
-119	203
-46	203
28	203
50	205
55	205
23	203
37	205
100	205
119	205
100	205
91	203
147	205
276	203
383	203
389	205
295	203
142	205
-3	205
-92	205
-94	203
-103	203
-96	205
-93	207
-119	209
-134	207
-157	207
-166	205
-147	207
-133	207
-111	205
-73	205
-24	205
10	205
11	203
5	205
23	205
66	207
127	207
149	205
135	207
102	205
52	207
52	207
29	207
16	205
18	205
16	205
-17	205
-76	207
-112	207
-120	207
-99	207
-98	209
-113	207
-158	209
-177	209
-128	207
-30	207
72	205
170	205
204	205
175	207
131	207
31	209
-73	207
-161	207
-167	209
-108	207
-48	207
0	207
44	207
74	207
56	207
22	209
-1	207
36	207
51	207
88	207
159	207
296	209
374	209
393	209
411	209
247	211
9	209
-174	209
-245	207
-229	207
-148	207
-21	207
37	207
30	209
-14	209
-42	209
-50	211
-80	209
-111	211
-148	209
-205	211
-240	211
-292	211
-350	211
-310	211
-246	213
-172	211
-109	211
-79	211
-73	213
-47	211
26	215
109	213
232	213
344	213
408	211
405	213
358	211
285	211
161	211
34	213
-26	213
-70	213
-86	213
-52	215
-64	215
-63	215
-48	215
-26	215
-23	215
-31	215
-41	215
-99	213
-195	215
-257	215
-222	215
-83	215
91	215
205	215
252	215
226	215
126	217
34	217
-40	217
-80	215
-94	217
-70	215
-31	213
23	215
84	215
101	215
109	215
60	217
-28	217
-72	217
-73	217
-58	217
-36	217
-14	217
18	219
-2	219
-18	217
-13	219
-49	219
-119	221
-205	221
-212	221
-129	221
-23	225
26	223
25	223
96	223
236	221
413	223
505	221
470	221
351	221
190	221
12	223
-121	223
-234	223
-318	223
-315	223
-310	223
-303	223
-274	223
-183	223
-94	224
-10	224
54	225
58	225
47	225
-10	226
-49	226
-31	227
-15	227
-5	227
-10	227
-65	227
-93	228
-2	228
97	229
162	227
206	226
194	227
98	230
-27	230
-167	230
-266	230
-239	230
-81	230
150	229
377	229
540	230
572	231
493	230
381	232
226	230
64	230
-66	231
-175	230
-257	230
-318	230
-345	232
-308	232
-284	235
-229	234
-177	234
-121	233
-56	232
16	232
55	232
22	233
9	231
2	233
-5	233
-10	233
-18	233
-5	232
2	233
-33	234
-69	234
-124	232
-138	235
-103	235
-94	238
-51	237
10	236
54	235
86	235
98	235
95	237
110	239
129	238
133	240
120	239
85	239
51	239
29	237
8	236
-38	236
-115	237
-195	236
-164	235
-39	235
77	237
187	237
219	237
182	236
116	236
29	236
-55	235
-127	235
-142	236
-78	236
13	237
67	237
72	236
-7	235
-147	238
-210	237
-145	238
-64	240
37	238
146	239
147	240
83	239
-52	237
-187	236
-201	236
-82	236
116	236
302	237
436	237
496	237
454	236
350	236
204	237
37	236
-116	235
-243	236
-293	236
-300	235
-297	235
-246	234
-236	236
-212	235
-193	234
-183	234
-190	236
-214	235
-205	237
-148	237
-30	237
91	235
160	235
163	236
129	235
106	234
125	234
159	233
181	235
182	234
153	235
80	236
-53	236
-139	235
-184	235
-197	235
-149	234
-64	235
-4	233
46	232
82	233
60	234
44	236
20	235
-1	235
0	234
37	235
95	236
161	234
190	235
182	234
181	233
163	235
153	233
132	232
97	233
66	232
-18	233
-155	232
-254	231
-282	231
-216	231
-108	231
-55	231
-14	229
-2	230
-12	230
-28	230
-44	228
-50	229
-57	229
-46	229
-24	232
6	231
1	232
-12	230
-55	231
-96	230
-98	231
-72	230
-45	228
-43	229
-59	228
-71	229
-83	230
-105	229
-134	230
-185	229
-194	229
-94	230
56	228
232	228
353	231
389	228
362	227
298	229
206	227
89	226
-43	227
-131	225
-89	226
29	226
171	226
261	227
253	228
180	225
53	225
-76	225
-134	225
-102	223
-38	223
13	223
32	226
56	225
53	226
11	225
-47	225
-148	223
-207	223
-178	223
-126	223
-84	221
-43	223
-41	223
-55	223
-110	223
-177	221
-167	223
-85	223
-10	223
20	223
-3	225
-28	226
-10	223
15	221
43	221
41	221
-4	219
-55	221
-109	219
-128	221
-70	221
34	221
152	221
238	221
249	221
219	221
176	221
125	219
54	219
-20	219
-54	219
-103	221
-158	219
-141	219
-79	221
-30	221
16	221
44	221
27	221
-9	219
-47	221
-79	223
-82	219
-45	221
6	219
95	217
183	217
214	217
182	219
93	219
7	217
-77	221
-121	219
-123	217
-78	217
-40	215
-56	215
-76	215
-83	215
-66	213
-50	213
-31	213
-2	213
58	213
118	213
157	215
181	213
192	215
166	213
110	211
63	209
28	213
2	209
-36	209
-64	207
-75	207
-79	205
-102	207
-124	205
-118	205
-116	207
-121	205
-125	205
-148	205
-192	203
-193	205
-123	203
-62	203
-30	203
11	201
79	201
151	205
235	203
293	203
273	203
230	205
118	203
28	205
8	203
-13	203
-38	203
-67	203
-107	201
-142	201
-158	201
-176	203
-173	201
-140	203
-105	205
-32	203
71	203
142	203
175	203
183	203
165	201
143	203
127	203
87	203
12	203
-28	203
-36	203
-31	203
17	203
84	207
131	205
178	205
166	205
110	205
16	207
-85	203
-174	205
-296	203
-381	203
-388	203
-270	203
-85	203
68	203
142	203
124	203
65	203
-1	203
-49	203
-65	203
-68	201
-33	201
33	201
90	201
129	199
161	199
175	201
196	201
170	205
117	203
60	203
21	201
-13	201
-49	199
-67	199
-81	199
-87	197
-110	196
-133	197
-147	199
-130	196
-112	196
-110	199
-123	196
-118	196
-103	194
-90	194
-48	196
-2	197
53	195
67	194
42	192
52	194
113	194
177	194
210	194
214	195
180	194
125	193
39	194
-49	193
-104	193
-125	192
-159	192
-205	191
-200	190
-124	190
-8	189
90	192
154	190
151	190
68	188
-14	190
-57	190
-48	189
-12	189
32	189
80	189
122	187
141	187
148	188
139	188
88	190
-5	192
-88	191
-169	192
-169	192
-47	193
61	195
162	192
187	192
126	189
18	191
-82	190
-136	190
-165	191
-180	191
-190	191
-165	191
-91	189
-33	190
32	192
131	189
187	190
197	188
134	189
32	189
-26	190
-46	191
-6	190
55	190
114	191
119	190
70	190
15	191
-46	190
-72	190
-87	189
-96	190
-111	188
-119	188
-125	188
-117	187
-99	188
-68	187
-52	188
-51	189
-49	189
-72	190
-123	189
-178	188
-150	189
-78	190
-12	188
65	189
106	189
132	189
164	191
183	191
166	191
137	193
121	192
137	192
152	194
165	194
163	194
131	193
92	192
43	195
-7	193
-87	193
-135	193
-141	193
-125	194
-113	194
-117	194
-124	193
-158	194
-208	193
-276	194
-341	195
-296	194
-128	196
47	194
209	196
267	196
250	196
242	197
225	201
209	199
197	201
159	201
101	201
69	201
74	199
98	197
109	197
118	199
80	195
3	195
-89	195
-172	196
-197	196
-160	197
-96	195
-50	194
-22	196
-20	195
-92	197
-166	196
-180	194
-149	196
-103	194
-61	195
-22	194
-12	193
-15	194
-41	196
-60	195
-60	195
-66	196
-66	196
-43	195
-51	194
-75	195
-151	193
-232	193
-228	193
-114	195
122	193
340	192
475	192
514	195
465	192
418	193
373	194
317	193
224	193
95	193
-17	194
-100	192
-132	191
-153	192
-169	193
-163	192
-192	193
-251	194
-268	195
-258	197
-198	196
-144	195
-103	193
-54	193
-38	191
-62	192
-91	193
-83	193
-53	192
-20	193
29	193
62	192
72	191
62	193
30	192
37	190
60	192
110	190
125	191
103	193
137	190
136	190
103	191
75	190
25	192
42	190
125	192
220	193
304	193
303	193
233	191
105	193
-22	194
-135	191
-235	192
-287	191
-292	192
-273	192
-198	192
-141	193
-114	193
-113	190
-167	193
-205	192
-154	190
-31	192
62	191
97	190
71	192
32	191
17	190
17	191
37	191
35	190
-10	190
-48	190
-64	190
-68	190
-38	191
-12	191
5	190
19	190
21	189
20	188
4	188
1	189
38	190
79	191
131	192
167	192
151	192
135	192
125	192
105	192
41	191
-28	192
-116	193
-236	192
-305	193
-269	195
-114	193
79	195
204	194
268	196
287	196
241	196
148	197
58	197
-17	195
-70	196
-124	195
-168	194
-201	193
-190	193
-119	194
-4	194
93	194
133	195
122	192
49	194
5	191
-38	193
-72	192
-52	191
-28	192
28	191
74	191
78	192
80	190
69	192
36	192
-15	191
-61	193
-105	192
-123	192
-105	192
-51	189
0	190
19	189
-10	191
-38	189
-74	189
-116	189
-135	189
-130	187
-112	189
-107	189
-119	189
-135	189
-153	188
-145	187
8	186
256	187
482	187
622	186
659	186
561	185
387	185
235	188
68	189
-55	189
-135	187
-210	188
-232	188
-235	188
-249	188
-246	185
-218	185
-198	183
-161	188
-145	187
-130	187
-127	188
-116	188
-91	187
-57	188
-27	189
-28	187
-24	190
-39	190
-44	190
-14	190
36	190
84	190
92	190
53	191
5	193
-7	193
29	193
104	193
130	193
141	194
143	194
119	193
93	193
117	191
130	191
126	191
119	192
50	193
-15	192
-81	191
-144	190
-179	189
-168	190
-149	189
-132	190
-106	191
-77	189
-12	190
36	189
25	189
-2	190
21	189
87	189
170	190
225	191
205	192
178	192
115	193
69	191
11	192
-52	189
-103	188
-136	189
-158	189
-171	190
-167	190
-165	190
-160	189
-142	192
-105	190
-33	189
73	190
166	189
203	190
152	190
86	190
55	188
-6	190
-42	190
-19	190
-12	192
-13	190
-9	192
-8	191
-6	193
-13	193
-21	193
-19	193
-23	194
-22	193
-34	192
-47	193
-63	192
-86	191
-133	192
-158	192
-90	192
-11	195
44	192
55	192
39	191
51	192
69	191
69	191
36	191
-8	191
-42	191
2	190
165	189
321	191
384	192
362	189
245	191
94	190
-59	190
-145	190
-140	189
-140	192
-128	188
-128	187
-142	187
-156	188
-195	189
-252	188
-273	189
-215	189
-117	189
40	189
195	188
285	187
278	186
154	186
-43	187
-169	189
-171	188
-49	186
116	188
212	187
285	187
325	185
340	188
282	187
157	187
13	187
-98	186
-197	184
-241	184
-236	185
-208	183
-163	183
-140	181
-133	183
-118	182
-101	183
-82	183
-55	184
-5	181
36	183
55	183
58	182
8	183
-29	181
-31	181
-15	181
59	180
120	179
137	181
141	179
100	181
57	180
9	180
-38	180
-74	180
-113	179
-165	178
-172	176
-123	176
-106	179
-86	177
-71	177
-67	176
-97	178
-142	176
-115	177
13	178
194	176
343	175
371	176
295	175
201	174
144	176
157	176
187	175
189	175
89	177
-43	177
-142	177
-236	180
-275	178
-291	178
-258	176
-182	177
-99	178
-35	177
-8	176
21	176
107	177
223	176
313	178
325	177
267	178
-28	177
193	177
377	177
449	178
484	178
404	179
314	179
195	179
87	178
7	178
-59	177
-84	177
-101	177
-89	178
-80	178
-74	179
-63	179
-38	179
-13	179
11	179
-105	178
256	177
556	176
674	177
731	176
600	178
453	179
259	178
81	178
-48	178
-156	177
-197	176
-224	177
-206	176
-190	176
-180	176
-163	177
-122	176
-81	174
-42	174
-8	177
-2	177
7	177
-5	178
-53	179
-79	180
-103	179
-100	179
-84	178
-68	177
-42	175
-19	176
-4	175
-20	176
-37	176
-39	177
-23	175
-13	176
3	177
29	175
66	176
71	176
75	176
45	175
-9	176
-31	175
-43	179
-17	177
24	176
75	179
153	179
219	179
224	178
172	179
105	179
58	177
16	176
-11	176
-28	173
-87	173
-145	175
-174	174
-165	174
-120	174
-30	173
71	173
116	176
153	174
158	172
134	172
92	173
16	171
-77	171
-144	173
-174	171
-196	171
-160	170
-103	172
-29	173
21	173
29	173
3	173
-17	173
-23	172
-25	172
-13	171
-7	171
-20	171
-35	172
-56	172
-86	173
-146	173
-176	173
-117	172
-23	172
176	171
346	171
426	171
464	171
374	171
277	172
163	169
66	171
-42	171
-129	170
-154	171
-188	173
-205	174
-204	174
-174	175
-134	175
-101	173
-58	172
-21	173
5	172
6	173
-24	174
-81	174
-149	174
-190	173
-145	175
-61	175
22	174
77	175
67	175
48	176
-5	177
-38	177
-32	177
15	178
91	177
155	177
182	177
191	177
199	178
168	179
132	180
79	179
21	180
-23	179
-57	178
-71	177
-62	178
-60	178
-76	175
-65	177
-83	178
-93	178
-92	177
-89	177
-75	178
-53	178
-32	176
-27	177
-21	177
-36	177
-49	177
-69	176
-50	177
0	177
41	177
79	177
106	177
98	177
81	177
42	177
6	177
-15	177
-36	176
-54	176
-61	175
-28	175
3	175
27	175
47	175
52	175
58	175
66	175
65	175
33	175
2	174
-6	173
-12	173
-42	173
-70	172
-27	173
35	174
78	173
70	173
3	172
-30	171
-29	173
21	174
93	176
128	174
95	176
50	174
2	176
-41	174
-74	174
-127	172
-160	172
-155	173
-146	172
-122	173
-33	174
49	176
108	174
134	176
121	174
77	174
21	173
17	173
32	174
41	174
27	174
6	173
-5	174
-19	174
-30	176
-34	176
-41	176
-40	175
-53	177
-70	178
-75	177
-81	178
-71	177
-47	175
-3	175
28	176
55	175
69	176
64	176
47	178
23	176
2	176
-24	176
-25	175
-1	174
25	175
46	175
58	175
42	175
25	175
7	175
-8	175
-16	175
-24	175
-33	175
-44	175
-62	175
-77	175
-79	174
-79	174
-66	173
-53	173
-39	173
-29	172
-29	172
-32	171
-45	172
-17	173
59	172
127	172
207	171
229	172
195	171
137	172
77	171
36	171
-9	169
-28	171
-48	170
-53	171
-50	172
-41	173
-40	172
-32	172
-27	172
-26	173
-41	173
-40	172
-55	172
-65	173
-54	171
-86	173
-123	172
-139	173
-106	171
-35	172
45	172
119	172
163	173
164	172
142	173
113	173
79	173
51	174
21	174
-4	172
-38	174
-62	175
-75	176
-64	176
-21	174
-16	179
-3	180
-6	178
-20	179
-37	177
-35	178
2	177
43	178
70	176
59	176
39	176
18	176
9	176
-2	177
-12	177
-31	177
-28	178
-28	178
-45	177
-38	177
-46	180
-37	178
-32	179
-27	178
-19	177
-16	177
-10	177
-15	179
-10	177
-6	180
-3	179
4	180
13	179
24	178
26	178
20	177
21	176
3	175
-16	177
-13	177
-24	178
-25	178
-25	178
-20	176
-9	176
-10	175
-6	175
-10	174
-22	175
-44	175
-53	175
-55	176
-38	174
13	175
63	175
88	177
101	177
84	177
48	177
21	178
-32	180
-63	178
-54	177
3	178
78	177
141	176
154	176
117	178
93	178
76	177
59	178
29	178
0	178
-29	179
-55	177
-94	179
-116	178
-115	178
-68	179
16	180
65	182
95	180
81	180
51	180
12	181
-26	182
-47	182
-62	182
-75	183
-83	185
-79	184
-80	185
-66	183
-53	184
-36	182
-25	184
-7	183
-4	185
-12	185
-2	186
-12	187
-9	186
-8	185
-7	184
-1	185
2	184
8	185
10	184
18	185
17	184
18	183
22	182
27	184
29	184
28	184
18	186
6	186
-11	186
-22	185
-9	186
2	187
6	185
8	184
0	184
-6	185
-9	184
-7	184
12	185
28	184
33	184
32	184
14	184
-1	185
-7	185
-10	185
1	186
22	186
28	185
14	184
8	184
-33	187
-57	187
-64	186
-64	188
-51	188
-42	188
-32	188
-31	187
-23	188
-18	186
-19	186
-23	183
3	187
54	186
111	186
151	186
174	187
160	186
117	187
81	186
19	187
-11	186
-28	186
-18	185
6	185
12	186
7	185
-28	186
-65	186
-84	187
-69	187
-48	188
-29	189
-25	188
-22	189
-46	188
-62	188
-61	187
-44	185
-19	185
-17	187
3	187
9	186
15	186
21	188
22	187
20	186
13	186
12	185
24	185
36	185
35	184
36	184
27	185
9	184
-9	184
-17	183
-28	184
-30	184
-5	185
-3	188
0	187
-4	187
-11	185
-11	184
-17	181
-9	183
-6	182
-3	182
-5	182
-4	182
-2	181
-2	181
-3	182
-10	181
-18	182
-10	179
-10	180
-16	178
7	178
5	180
5	178
2	178
-8	177
-9	178
-5	178
0	178
-2	177
-1	179
-7	179
-10	179
-18	179
-15	178
0	176
23	177
30	175
39	175
26	175
7	176
17	173
4	176
-15	175
-20	175
-9	175
-9	175
-12	175
-6	175
-2	175
-2	175
-23	175
-42	174
-53	175
-45	175
-16	174
32	175
69	176
102	177
112	177
102	178
120	178
108	177
90	176
63	176
24	175
-5	173
-34	174
-48	175
-61	175
-55	175
-53	176
-55	176
-55	175
-51	177
-46	175
-39	175
-40	176
-32	176
-31	174
-39	176
-19	176
-19	178
-16	177
-13	176
-16	177
-9	177
-12	179
-10	178
-17	179
-14	177
-20	179
-20	176
-5	175
13	175
26	175
40	177
47	176
61	176
57	177
39	176
46	175
26	178
14	174
4	174
-10	173
-12	174
-16	172
-14	172
-13	171
-10	171
-10	173
-8	172
-10	173
-13	173
-13	174
-13	173
-17	173
-5	173
-7	173
-8	171
10	172
6	173
9	169
9	169
5	170
4	168
-4	170
-7	166
-12	168
-15	170
-15	168
-9	166
-3	168
2	166
5	166
1	166
-5	166
-2	166
-8	166
-18	166
-6	166
-14	166
-14	166
-15	166
-12	166
4	164
14	166
26	166
34	166
35	164
29	162
5	162
-11	162
2	162
27	162
58	162
79	162
97	162
78	160
31	162
10	162
-23	164
-35	162
-30	162
-29	160
-21	160
-21	160
-13	160
-5	160
5	162
12	162
12	162
-2	162
-10	162
-19	162
-29	162
-40	162
-36	160
-37	158
-38	160
-15	160
-21	162
-18	162
-15	162
-13	160
-7	162
-6	162
0	162
-1	160
0	162
1	160
0	160
-2	158
0	160
-2	162
-3	160
-9	162
-2	162
-2	164
-8	164
10	164
4	166
7	162
9	162
7	162
9	162
7	162
8	160
7	160
13	158
9	158
6	160
2	158
0	160
-2	160
-2	160
-3	160
-4	160
-7	160
-8	160
0	160
6	160
6	160
5	159
4	159
3	158
2	158
1	158
1	159
1	159
3	160
5	159
5	158
6	157
6	156
4	154
-5	156
-6	156
-14	154
-25	156
-6	156
-8	156
-4	154
-1	154
-1	154
0	154
-1	154
4	152
5	152
5	152
5	152
3	150
0	152
-1	150
-3	152
-4	152
-11	152
-2	152
-4	152
-8	150
8	150
-2	152
0	150
-1	148
-3	150
-3	148
-6	148
-8	148
-11	148
-18	148
-35	148
-42	148
-40	148
-14	146
2	146
18	146
21	144
29	146
30	144
19	144
37	144
31	146
32	144
29	146
19	144
26	144
35	144
49	146
46	146
41	144
23	142
-1	142
-20	144
-27	140
-37	142
-47	142
-55	142
-39	144
-35	144
-35	144
-15	142
-20	146
-15	144
-13	144
-9	144
-6	144
-6	144
-6	144
-6	142
-2	144
0	146
4	146
1	144
0	146
2	148
-1	148
-1	148
0	148
-3	147
-4	147
3	146
9	146
9	146
8	146
8	146
7	146
6	146
5	146
5	146
6	146
6	146
5	146
3	146
2	147
2	147
1	148
-6	148
0	146
-3	148
-7	148
5	150
-3	152
0	150
8	148
6	150
7	150
3	152
4	150
3	150
5	150
3	150
4	150
1	152
2	150
1	150
0	152
-6	150
0	150
-2	150
-12	150
-1	150
-9	150
-5	150
-7	152
-4	150
0	152
0	150
1	152
2	150
8	152
2	152
1	154
-2	152
-1	152
-3	152
-3	154
-6	154
0	154
-4	153
-9	153
7	152
0	152
5	152
5	153
4	153
6	154
0	154
1	154
-1	153
1	153
0	152
3	152
0	152
1	153
0	153
-3	154
-7	154
-3	154
-3	154
-8	154
7	154
1	156
3	154
3	154
1	154
4	154
1	152
2	152
-1	152
2	152
-1	154
0	154
1	156
2	154
0	152
-2	154
-7	154
-4	154
-6	154
-11	152
3	154
-2	156
2	154
1	154
1	154
2	154
2	154
1	154
-1	156
3	156
1	156
1	156
-2	156
0	154
0	154
0	154
-7	154
0	154
-2	154
-9	154
7	154
-3	156
0	154
1	154
0	154
4	154
1	154
2	154
-2	154
0	152
-1	154
1	152
-2	154
-2	154
-4	154
-2	156
-7	156
-2	156
-9	156
-14	156
3	156
-2	158
0	154
1	152
3	154
4	154
2	152
4	152
2	154
5	154
1	154
3	152
3	154
4	152
5	152
1	152
-5	152
-3	152
-7	152
-10	152
5	152
-2	154
1	154
3	154
-1	154
-2	154
-6	154
-2	154
-2	154
0	154
0	152
0	150
0	152
1	152
1	150
-3	154
-8	152
-1	152
-3	150
-7	150
9	152
0	154
1	150
2	150
-1	152
1	152
0	152
2	150
0	150
3	150
-1	152
0	152
-1	152
0	152
-2	152
-1	152
-6	152
-3	152
-6	150
-11	150
7	150
0	152
-1	152
-2	150
-4	150
1	152
0	152
1	148
0	148
2	150
1	150
-1	150
0	150
-3	150
-3	150
0	152
-2	150
6	150
2	150
-2	150
17	152
8	156
5	154
0	154
0	154
0	152
-5	152
0	152
-3	150
-3	152
-4	150
0	150
-1	152
-2	152
-2	152
-3	152
-8	152
-1	152
-5	152
-10	152
9	152
2	154
5	152
2	152
-3	152
-3	152
-6	152
-5	152
-2	154
0	154
0	154
3	156
1	156
4	156
2	156
0	154
-6	154
0	156
0	154
-7	154
9	154
0	154
0	156
3	154
2	154
3	154
1	154
2	154
-1	152
0	154
-2	154
0	154
-2	152
-1	152
-1	154
-4	154
-7	154
-2	156
0	156
-5	156
9	154
2	156
1	156
2	154
-3	152
1	150
1	154
6	154
4	154
3	154
-1	154
-2	154
-3	154
-1	154
-1	154
-2	154
-9	154
-1	154
-7	154
-13	154
2	154
-4	154
-1	154
0	154
0	154
3	154
1	154
3	156
1	154
5	154
4	154
3	154
1	152
0	152
-1	152
-1	154
-7	154
0	152
-4	154
-8	154
8	154
-1	156
6	156
6	154
4	152
5	154
2	154
2	154
-4	154
-6	154
-6	154
-3	154
0	156
6	154
3	154
-3	156
-11	158
-4	156
-8	156
-13	156
4	154
-2	154
0	154
1	154
0	154
1	154
0	154
5	154
2	156
2	156
1	154
1	154
0	154
3	156
0	156
0	154
-5	156
0	154
-1	156
-9	154
7	154
-2	156
0	156
1	154
1	156
1	156
0	154
1	156
-1	154
0	154
-2	154
1	154
-1	156
3	154
2	156
0	154
-6	156
1	156
-4	154
-10	154
6	156
0	156
3	156
1	156
0	156
1	154
0	152
1	154
-1	156
1	156
0	156
2	156
0	158
2	156
3	156
0	156
-6	156
1	156
-3	154
-8	154
9	154
2	156
0	156
-2	154
-3	156
0	154
-2	154
-1	156
-2	154
-1	152
0	154
-4	154
-5	154
-3	154
0	154
-1	154
-7	154
1	156
0	156
-4	156
11	154
2	158
2	156
3	158
1	156
4	158
1	156
4	156
2	154
5	154
0	156
0	156
1	156
4	156
0	156
-1	154
-8	156
-1	156
-5	156
-11	156
6	156
2	158
3	158
2	156
0	156
0	158
-3	156
-5	158
-9	158
-8	158
-9	158
-6	158
-5	158
-6	158
-4	158
-3	156
-6	158
0	156
-1	156
-6	158
7	156
2	162
3	160
4	158
5	158
6	158
3	160
2	158
0	158
-1	160
-2	160
2	158
0	160
-1	160
2	160
-3	160
-9	160
-3	162
-5	164
-10	162
8	164
1	164
4	162
3	162
2	160
5	160
0	162
3	162
1	162
1	162
-3	164
-1	164
-2	162
-1	164
2	162
-2	162
-8	164
-1	162
-3	162
-5	162
11	162
5	166
5	166
2	166
0	164
2	166
-1	166
1	166
-2	166
1	166
2	166
4	164
1	164
4	164
0	164
-3	164
-11	166
-7	166
-7	164
-13	166
5	164
1	166
5	166
4	166
2	166
4	164
3	164
6	166
3	166
3	164
3	166
3	166
0	166
1	168
1	166
0	169
-6	169
0	168
-3	168
-10	166
6	166
1	168
2	166
4	166
2	166
0	164
-1	166
-1	166
-2	166
-2	166
-6	164
-2	164
-1	166
-2	166
-4	166
-2	166
-8	166
-1	166
-4	166
-9	166
7	166
1	171
1	170
2	170
0	169
0	169
0	168
0	169
0	166
0	168
-3	166
-1	168
-1	168
0	168
0	166
-1	166
-7	169
-2	166
-6	166
-10	166
10	168
4	168
5	168
3	166
1	168
3	168
-1	166
0	169
-1	170
1	166
-1	170
-1	169
-1	169
0	169
2	169
1	169
0	169
-3	168
-7	168
-9	167
-3	166
1	166
1	166
2	166
4	166
7	166
6	166
5	166
4	166
3	166
3	166
1	166
0	166
-3	167
-3	167
-3	168
-6	166
-1	168
-3	169
-8	170
10	170
2	170
2	169
2	168
4	169
3	166
-2	166
-2	168
-3	168
2	168
2	169
1	169
-3	169
-3	168
-1	166
-2	168
-5	168
1	168
-3	168
-9	166
8	168
1	169
5	169
4	166
2	168
4	168
0	170
4	170
0	170
2	171
-1	170
0	170
-1	170
-3	168
-5	169
-7	169
-8	168
2	169
-1	169
-7	168
9	168
1	170
2	169
0	170
-5	169
-1	169
-2	169
1	168
2	170
1	170
0	169
0	168
0	171
1	171
2	169
-2	171
-12	172
-2	172
-4	172
-7	172
9	170
1	174
3	171
2	171
0	170
-1	170
-4	170
-3	172
0	171
6	171
5	173
3	171
-1	171
0	172
4	171
4	171
2	171
0	171
-4	172
-7	172
-1	173
3	173
3	173
2	173
3	173
4	174
1	174
-2	174
0	174
1	174
1	173
1	173
2	173
2	173
0	173
-2	173
-11	174
-6	170
-6	171
-11	174
7	172
0	174
5	173
6	173
0	173
4	173
0	173
1	173
0	174
0	175
-1	175
-2	174
-4	173
1	174
0	175
-2	175
-10	175
-6	174
1	175
-7	172
7	173
4	175
5	174
7	173
3	173
4	172
0	171
3	175
-4	175
-1	173
-8	173
-6	174
-3	174
-1	173
0	172
1	172
-6	172
-1	171
-4	173
-9	173
9	174
0	177
1	175
3	175
0	175
2	175
1	175
3	174
1	173
3	174
-2	174
-1	173
0	173
0	173
1	174
-2	175
-10	175
-3	174
-4	174
-10	174
5	174
-2	174
0	175
0	175
0	174
1	174
-2	175
0	176
-2	175
-2	175
-3	175
-1	176
-2	176
-4	175
-5	174
-6	174
-9	175
-2	173
-4	174
-8	174
9	175
5	177
9	176
5	175
1	175
3	175
-4	175
-2	175
-4	175
-2	175
-2	175
-3	175
-2	175
0	175
0	173
0	175
-4	176
-1	177
-7	178
-11	178
7	178
0	179
3	178
3	177
-1	176
0	174
0	176
3	174
0	175
1	175
1	176
0	175
-3	176
0	176
0	176
-1	176
-8	176
0	176
-3	176
-9	176
4	175
0	176
2	176
1	176
1	177
5	177
1	179
2	177
-1	178
0	177
-2	176
0	176
1	177
1	176
0	177
-1	175
-9	176
-3	176
-5	176
-9	175
8	175
1	178
3	175
5	176
2	174
2	175
-2	174
-1	174
-4	174
-4	174
-5	174
-3	174
-2	175
0	175
0	175
0	176
-4	176
1	176
-1	176
-8	175
7	175
3	177
3	175
0	176
0	174
1	174
-1	175
1	176
-2	175
0	175
-1	174
1	175
1	175
1	175
2	173
-3	174
-13	174
-5	173
-8	174
-10	174
8	173
0	176
1	175
0	174
0	175
3	175
3	175
5	174
0	175
4	173
3	174
4	173
1	172
0	173
1	174
-4	172
-10	173
-6	174
-8	173
-13	173
6	171
0	174
3	173
7	171
3	172
1	171
-2	172
-1	171
-4	172
-2	173
-2	173
3	173
2	174
0	174
-3	173
-4	172
-3	171
-3	171
-7	170
-8	171
-1	171
4	173
5	170
6	171
6	173
6	171
4	172
1	171
0	169
-2	169
-1	172
0	170
0	169
1	169
1	168
0	166
-8	170
-3	170
-4	170
-10	171
8	170
0	172
0	171
2	171
0	169
2	170
0	168
3	169
0	169
1	169
0	166
-1	168
-2	168
1	166
1	169
-3	168
-7	168
0	168
-3	168
-9	166
9	168
1	170
3	170
3	168
0	168
3	168
1	168
6	169
0	170
0	169
-2	169
0	168
-1	166
1	166
0	166
-1	168
-8	168
-2	166
-3	166
-9	166
9	168
0	169
2	168
0	166
0	166
4	166
1	169
1	166
0	166
3	166
-1	164
0	164
-1	166
-1	166
-3	168
-3	168
-8	169
-3	168
-5	168
-12	168
9	169
5	170
6	168
7	166
1	166
2	166
0	166
2	166
1	168
3	164
0	166
3	166
-2	164
-5	166
-4	164
-6	166
-11	166
-1	166
-3	166
-7	166
11	166
1	168
5	168
3	168
1	168
2	168
1	166
3	169
0	168
-2	168
-3	166
-1	166
-2	166
0	166
-1	164
0	166
-4	166
-1	166
-2	166
-9	168
8	169
2	169
6	166
2	164
3	164
2	164
-3	166
0	164
-2	166
-1	164
-1	166
0	166
-1	166
-3	168
-4	166
-5	166
-7	168
-2	168
-4	168
-7	164
8	164
2	166
2	164
2	166
2	166
3	166
2	166
3	166
0	166
0	164
-2	164
1	166
-1	166
0	164
1	164
-1	162
-8	164
-2	164
-5	164
-11	166
11	166
1	168
3	169
5	168
-1	166
1	166
2	166
3	166
0	166
3	164
0	162
0	162
0	164
0	164
2	164
-2	166
-9	166
-3	164
-5	164
-10	164
4	164
0	166
0	166
1	164
1	166
4	164
0	166
4	166
2	166
3	166
0	168
-1	166
-1	166
0	166
2	166
0	166
-8	164
-3	164
-7	164
-11	164
6	164
1	166
4	166
4	164
2	164
4	164
4	162
5	164
5	164
7	164
3	164
3	164
2	164
1	162
-1	162
-2	164
-9	162
-4	164
-6	162
-14	164
1	164
-5	166
0	166
-2	164
0	164
4	162
-2	162
0	162
-2	162
0	160
0	162
-1	162
0	164
0	162
-4	162
-5	160
-8	160
-1	160
-4	162
-11	162
5	162
-1	162
2	160
2	160
0	162
4	160
2	160
4	162
-1	162
2	162
2	162
4	162
1	160
1	160
2	156
0	160
-5	160
1	160
-5	160
-8	158
9	160
5	162
4	160
1	160
-3	160
-1	158
0	158
2	158
1	158
1	160
1	156
2	156
0	158
-3	158
0	158
-3	160
-7	160
0	160
-4	160
-10	158
7	158
1	160
4	158
3	158
-1	158
0	158
0	158
2	156
-2	156
1	158
-3	156
0	156
-5	158
-6	156
-5	156

